5000.000 82
5001.000 80
5002.000 87
5003.000 96
5004.000 89
5005.000 75
5006.000 75
5007.000 81
5008.000 85
5009.000 87
5010.000 84
5011.000 73
5012.000 76
5013.000 80
5014.000 84
5015.000 88
5016.000 88
5017.000 73
5018.000 83
5019.000 82
5020.000 82
5021.000 92
5022.000 101
5023.000 80
5024.000 74
5025.000 75
5026.000 76
5027.000 87
5028.000 95
5029.000 86
5030.000 81
5031.000 84
5032.000 82
5033.000 86
5034.000 89
5035.000 90
5036.000 91
5037.000 102
5038.000 102
5039.000 100
5040.000 101
5041.000 97
5042.000 79
5043.000 81
5044.000 74
5045.000 78
5046.000 90
5047.000 94
5048.000 68
5049.000 73
5050.000 79
5051.000 82
5052.000 81
5053.000 96
5054.000 81
5055.000 79
5056.000 85
5057.000 88
5058.000 81
5059.000 97
5060.000 88
5061.000 76
5062.000 74
5063.000 73
5064.000 77
5065.000 85
5066.000 90
5067.000 87
5068.000 77
5069.000 77
5070.000 78
5071.000 86
5072.000 92
5073.000 82
5074.000 86
5075.000 90
5076.000 86
5077.000 86
5078.000 102
5079.000 97
5080.000 92
5081.000 89
5082.000 86
5083.000 85
5084.000 92
5085.000 86
5086.000 78
5087.000 79
5088.000 86
5089.000 79
5090.000 90
5091.000 85
5092.000 75
5093.000 71
5094.000 81
5095.000 82
5096.000 93
5097.000 96
5098.000 85
5099.000 76
5100.000 75
5101.000 77
5102.000 82
5103.000 85
5104.000 78
5105.000 74
5106.000 82
5107.000 85
5108.000 85
5109.000 91
5110.000 79
5111.000 80
5112.000 89
5113.000 93
5114.000 88
5115.000 107
5116.000 114
5117.000 110
5118.000 100
5119.000 105
5120.000 189
5121.000 164
5122.000 114
5123.000 79
5124.000 81
5125.000 109
5126.000 102
5127.000 100
5128.000 91
5129.000 75
5130.000 68
5131.000 78
5132.000 81
5133.000 87
5134.000 92
5135.000 77
5136.000 76
5137.000 82
5138.000 84
5139.000 85
5140.000 95
5141.000 96
5142.000 93
5143.000 90
5144.000 91
5145.000 97
5146.000 105
5147.000 92
5148.000 81
5149.000 77
5150.000 79
5151.000 79
5152.000 92
5153.000 92
5154.000 84
5155.000 77
5156.000 78
5157.000 71
5158.000 82
5159.000 90
5160.000 83
5161.000 70
5162.000 82
5163.000 84
5164.000 87
5165.000 91
5166.000 88
5167.000 82
5168.000 86
5169.000 86
5170.000 86
5171.000 98
5172.000 98
5173.000 84
5174.000 76
5175.000 77
5176.000 84
5177.000 99
5178.000 92
5179.000 79
5180.000 72
5181.000 80
5182.000 82
5183.000 83
5184.000 79
5185.000 76
5186.000 79
5187.000 83
5188.000 94
5189.000 96
5190.000 95
5191.000 94
5192.000 82
5193.000 75
5194.000 79
5195.000 96
5196.000 112
5197.000 90
5198.000 85
5199.000 75
5200.000 72
5201.000 78
5202.000 86
5203.000 94
5204.000 89
5205.000 82
5206.000 81
5207.000 88
5208.000 80
5209.000 78
5210.000 77
5211.000 75
5212.000 72
5213.000 82
5214.000 76
5215.000 76
5216.000 80
5217.000 77
5218.000 69
5219.000 80
5220.000 83
5221.000 82
5222.000 84
5223.000 78
5224.000 72
5225.000 79
5226.000 82
5227.000 75
5228.000 78
5229.000 75
5230.000 69
5231.000 72
5232.000 83
5233.000 82
5234.000 85
5235.000 82
5236.000 77
5237.000 76
5238.000 84
5239.000 74
5240.000 75
5241.000 76
5242.000 74
5243.000 73
5244.000 83
5245.000 82
5246.000 84
5247.000 84
5248.000 78
5249.000 77
5250.000 84
5251.000 82
5252.000 80
5253.000 83
5254.000 68
5255.000 66
5256.000 74
5257.000 80
5258.000 79
5259.000 82
5260.000 75
5261.000 70
5262.000 72
5263.000 79
5264.000 77
5265.000 80
5266.000 78
5267.000 74
5268.000 74
5269.000 82
5270.000 84
5271.000 86
5272.000 79
5273.000 68
5274.000 70
5275.000 77
5276.000 82
5277.000 85
5278.000 81
5279.000 67
5280.000 69
5281.000 77
5282.000 85
5283.000 88
5284.000 83
5285.000 71
5286.000 72
5287.000 78
5288.000 82
5289.000 83
5290.000 78
5291.000 76
5292.000 77
5293.000 78
5294.000 79
5295.000 80
5296.000 85
5297.000 82
5298.000 77
5299.000 74
5300.000 73
5301.000 83
5302.000 85
5303.000 80
5304.000 73
5305.000 73
5306.000 77
5307.000 82
5308.000 80
5309.000 74
5310.000 76
5311.000 78
5312.000 81
5313.000 83
5314.000 81
5315.000 73
5316.000 75
5317.000 75
5318.000 79
5319.000 87
5320.000 94
5321.000 78
5322.000 76
5323.000 77
5324.000 82
5325.000 89
5326.000 98
5327.000 91
5328.000 98
5329.000 114
5330.000 130
5331.000 137
5332.000 137
5333.000 116
5334.000 97
5335.000 89
5336.000 90
5337.000 94
5338.000 104
5339.000 109
5340.000 112
5341.000 129
5342.000 137
5343.000 130
5344.000 122
5345.000 111
5346.000 90
5347.000 85
5348.000 80
5349.000 80
5350.000 83
5351.000 83
5352.000 72
5353.000 76
5354.000 77
5355.000 77
5356.000 81
5357.000 90
5358.000 80
5359.000 79
5360.000 78
5361.000 71
5362.000 71
5363.000 90
5364.000 82
5365.000 72
5366.000 75
5367.000 76
5368.000 81
5369.000 92
5370.000 90
5371.000 75
5372.000 71
5373.000 80
5374.000 82
5375.000 82
5376.000 80
5377.000 70
5378.000 75
5379.000 72
5380.000 74
5381.000 80
5382.000 87
5383.000 73
5384.000 77
5385.000 78
5386.000 75
5387.000 75
5388.000 86
5389.000 79
5390.000 77
5391.000 78
5392.000 79
5393.000 89
5394.000 90
5395.000 88
5396.000 91
5397.000 105
5398.000 121
5399.000 165
5400.000 194
5401.000 198
5402.000 174
5403.000 137
5404.000 106
5405.000 92
5406.000 89
5407.000 87
5408.000 75
5409.000 78
5410.000 75
5411.000 76
5412.000 81
5413.000 82
5414.000 72
5415.000 74
5416.000 75
5417.000 74
5418.000 76
5419.000 75
5420.000 75
5421.000 77
5422.000 77
5423.000 77
5424.000 88
5425.000 81
5426.000 74
5427.000 72
5428.000 74
5429.000 83
5430.000 81
5431.000 78
5432.000 78
5433.000 83
5434.000 86
5435.000 85
5436.000 89
5437.000 88
5438.000 82
5439.000 80
5440.000 85
5441.000 85
5442.000 82
5443.000 81
5444.000 86
5445.000 91
5446.000 84
5447.000 81
5448.000 82
5449.000 83
5450.000 73
5451.000 79
5452.000 82
5453.000 80
5454.000 75
5455.000 82
5456.000 87
5457.000 89
5458.000 86
5459.000 81
5460.000 83
5461.000 87
5462.000 81
5463.000 78
5464.000 84
5465.000 78
5466.000 78
5467.000 81
5468.000 81
5469.000 78
5470.000 86
5471.000 77
5472.000 78
5473.000 82
5474.000 81
5475.000 71
5476.000 85
5477.000 83
5478.000 80
5479.000 79
5480.000 77
5481.000 72
5482.000 83
5483.000 86
5484.000 82
5485.000 81
5486.000 87
5487.000 81
5488.000 80
5489.000 82
5490.000 82
5491.000 86
5492.000 88
5493.000 86
5494.000 86
5495.000 89
5496.000 78
5497.000 83
5498.000 89
5499.000 87
5500.000 82
5501.000 90
5502.000 88
5503.000 85
5504.000 82
5505.000 80
5506.000 75
5507.000 89
5508.000 85
5509.000 80
5510.000 82
5511.000 83
5512.000 78
5513.000 91
5514.000 93
5515.000 84
5516.000 80
5517.000 86
5518.000 80
5519.000 85
5520.000 91
5521.000 83
5522.000 81
5523.000 82
5524.000 77
5525.000 74
5526.000 77
5527.000 73
5528.000 80
5529.000 84
5530.000 82
5531.000 77
5532.000 84
5533.000 80
5534.000 81
5535.000 84
5536.000 84
5537.000 72
5538.000 82
5539.000 80
5540.000 76
5541.000 76
5542.000 82
5543.000 76
5544.000 82
5545.000 85
5546.000 86
5547.000 91
5548.000 89
5549.000 79
5550.000 81
5551.000 88
5552.000 86
5553.000 85
5554.000 85
5555.000 84
5556.000 86
5557.000 96
5558.000 103
5559.000 128
5560.000 159
5561.000 190
5562.000 215
5563.000 223
5564.000 201
5565.000 191
5566.000 211
5567.000 276
5568.000 399
5569.000 560
5570.000 652
5571.000 640
5572.000 522
5573.000 334
5574.000 222
5575.000 170
5576.000 145
5577.000 126
5578.000 111
5579.000 96
5580.000 89
5581.000 87
5582.000 89
5583.000 88
5584.000 94
5585.000 91
5586.000 85
5587.000 81
5588.000 83
5589.000 89
5590.000 91
5591.000 86
5592.000 78
5593.000 75
5594.000 76
5595.000 82
5596.000 87
5597.000 85
5598.000 77
5599.000 76
5600.000 81
5601.000 87
5602.000 89
5603.000 87
5604.000 83
5605.000 86
5606.000 89
5607.000 89
5608.000 88
5609.000 91
5610.000 87
5611.000 87
5612.000 84
5613.000 82
5614.000 89
5615.000 89
5616.000 81
5617.000 76
5618.000 78
5619.000 83
5620.000 90
5621.000 91
5622.000 85
5623.000 79
5624.000 78
5625.000 80
5626.000 88
5627.000 89
5628.000 83
5629.000 77
5630.000 84
5631.000 81
5632.000 83
5633.000 88
5634.000 89
5635.000 78
5636.000 78
5637.000 75
5638.000 81
5639.000 92
5640.000 89
5641.000 75
5642.000 82
5643.000 87
5644.000 84
5645.000 88
5646.000 96
5647.000 89
5648.000 88
5649.000 92
5650.000 93
5651.000 96
5652.000 100
5653.000 97
5654.000 93
5655.000 97
5656.000 104
5657.000 112
5658.000 114
5659.000 105
5660.000 84
5661.000 90
5662.000 94
5663.000 94
5664.000 96
5665.000 99
5666.000 81
5667.000 85
5668.000 83
5669.000 81
5670.000 85
5671.000 90
5672.000 82
5673.000 82
5674.000 84
5675.000 83
5676.000 80
5677.000 93
5678.000 85
5679.000 80
5680.000 82
5681.000 83
5682.000 84
5683.000 94
5684.000 91
5685.000 81
5686.000 84
5687.000 82
5688.000 93
5689.000 109
5690.000 114
5691.000 96
5692.000 91
5693.000 86
5694.000 86
5695.000 92
5696.000 100
5697.000 89
5698.000 90
5699.000 89
5700.000 87
5701.000 88
5702.000 99
5703.000 86
5704.000 83
5705.000 85
5706.000 85
5707.000 86
5708.000 100
5709.000 93
5710.000 86
5711.000 88
5712.000 85
5713.000 86
5714.000 94
5715.000 91
5716.000 84
5717.000 92
5718.000 97
5719.000 101
5720.000 109
5721.000 109
5722.000 89
5723.000 90
5724.000 86
5725.000 86
5726.000 94
5727.000 104
5728.000 81
5729.000 80
5730.000 81
5731.000 84
5732.000 93
5733.000 98
5734.000 85
5735.000 82
5736.000 82
5737.000 80
5738.000 79
5739.000 94
5740.000 90
5741.000 82
5742.000 82
5743.000 85
5744.000 85
5745.000 105
5746.000 122
5747.000 133
5748.000 149
5749.000 154
5750.000 136
5751.000 126
5752.000 120
5753.000 98
5754.000 90
5755.000 93
5756.000 95
5757.000 99
5758.000 108
5759.000 105
5760.000 123
5761.000 159
5762.000 220
5763.000 304
5764.000 381
5765.000 357
5766.000 291
5767.000 217
5768.000 159
5769.000 127
5770.000 124
5771.000 115
5772.000 107
5773.000 106
5774.000 103
5775.000 95
5776.000 96
5777.000 95
5778.000 89
5779.000 88
5780.000 87
5781.000 88
5782.000 95
5783.000 101
5784.000 92
5785.000 87
5786.000 88
5787.000 89
5788.000 93
5789.000 104
5790.000 98
5791.000 93
5792.000 91
5793.000 91
5794.000 90
5795.000 97
5796.000 92
5797.000 92
5798.000 96
5799.000 99
5800.000 101
5801.000 107
5802.000 117
5803.000 131
5804.000 143
5805.000 142
5806.000 128
5807.000 123
5808.000 117
5809.000 107
5810.000 103
5811.000 107
5812.000 106
5813.000 106
5814.000 110
5815.000 111
5816.000 118
5817.000 142
5818.000 181
5819.000 228
5820.000 270
5821.000 252
5822.000 199
5823.000 161
5824.000 144
5825.000 136
5826.000 132
5827.000 132
5828.000 127
5829.000 119
5830.000 111
5831.000 107
5832.000 113
5833.000 117
5834.000 118
5835.000 115
5836.000 110
5837.000 108
5838.000 116
5839.000 127
5840.000 133
5841.000 138
5842.000 150
5843.000 167
5844.000 199
5845.000 246
5846.000 300
5847.000 448
5848.000 952
5849.000 2305
5850.000 4832
5851.000 8570
5852.000 10842
5853.000 10499
5854.000 8161
5855.000 5069
5856.000 2740
5857.000 1741
5858.000 1143
5859.000 791
5860.000 591
5861.000 464
5862.000 345
5863.000 269
5864.000 232
5865.000 221
5866.000 229
5867.000 275
5868.000 444
5869.000 700
5870.000 933
5871.000 1036
5872.000 942
5873.000 710
5874.000 519
5875.000 405
5876.000 377
5877.000 422
5878.000 845
5879.000 1962
5880.000 3608
5881.000 5210
5882.000 5831
5883.000 4785
5884.000 3214
5885.000 1892
5886.000 1097
5887.000 719
5888.000 504
5889.000 392
5890.000 317
5891.000 255
5892.000 202
5893.000 164
5894.000 141
5895.000 129
5896.000 124
5897.000 123
5898.000 123
5899.000 134
5900.000 165
5901.000 203
5902.000 231
5903.000 243
5904.000 223
5905.000 202
5906.000 190
5907.000 185
5908.000 167
5909.000 146
5910.000 135
5911.000 129
5912.000 130
5913.000 143
5914.000 141
5915.000 130
5916.000 121
5917.000 121
5918.000 126
5919.000 134
5920.000 129
5921.000 119
5922.000 113
5923.000 112
5924.000 113
5925.000 111
5926.000 111
5927.000 113
5928.000 115
5929.000 116
5930.000 112
5931.000 117
5932.000 128
5933.000 142
5934.000 157
5935.000 168
5936.000 186
5937.000 216
5938.000 263
5939.000 323
5940.000 513
5941.000 1309
5942.000 3318
5943.000 6485
5944.000 9657
5945.000 10114
5946.000 8279
5947.000 5532
5948.000 3083
5949.000 1824
5950.000 1222
5951.000 830
5952.000 615
5953.000 498
5954.000 381
5955.000 284
5956.000 224
5957.000 183
5958.000 152
5959.000 130
5960.000 130
5961.000 132
5962.000 141
5963.000 154
5964.000 168
5965.000 185
5966.000 188
5967.000 180
5968.000 171
5969.000 173
5970.000 189
5971.000 264
5972.000 591
5973.000 1252
5974.000 2156
5975.000 2897
5976.000 2740
5977.000 2108
5978.000 1359
5979.000 775
5980.000 524
5981.000 366
5982.000 280
5983.000 230
5984.000 201
5985.000 189
5986.000 178
5987.000 178
5988.000 174
5989.000 163
5990.000 157
5991.000 157
5992.000 155
5993.000 157
5994.000 155
5995.000 144
5996.000 126
5997.000 123
5998.000 120
5999.000 119
6000.000 122
6001.000 119
6002.000 116
6003.000 119
6004.000 118
6005.000 107
6006.000 104
6007.000 113
6008.000 114
6009.000 116
6010.000 119
6011.000 116
6012.000 125
6013.000 127
6014.000 121
6015.000 112
6016.000 119
6017.000 114
6018.000 116
6019.000 123
6020.000 128
6021.000 126
6022.000 139
6023.000 151
6024.000 164
6025.000 205
6026.000 333
6027.000 842
6028.000 1897
6029.000 2812
6030.000 3201
6031.000 2859
6032.000 1852
6033.000 1125
6034.000 717
6035.000 498
6036.000 336
6037.000 278
6038.000 247
6039.000 207
6040.000 175
6041.000 162
6042.000 145
6043.000 133
6044.000 133
6045.000 130
6046.000 119
6047.000 119
6048.000 115
6049.000 113
6050.000 118
6051.000 125
6052.000 118
6053.000 126
6054.000 129
6055.000 132
6056.000 139
6057.000 147
6058.000 132
6059.000 130
6060.000 131
6061.000 136
6062.000 148
6063.000 167
6064.000 168
6065.000 180
6066.000 203
6067.000 229
6068.000 268
6069.000 350
6070.000 614
6071.000 1694
6072.000 4071
6073.000 7613
6074.000 9329
6075.000 8709
6076.000 6474
6077.000 3765
6078.000 2168
6079.000 1475
6080.000 988
6081.000 703
6082.000 577
6083.000 482
6084.000 399
6085.000 332
6086.000 288
6087.000 271
6088.000 284
6089.000 302
6090.000 359
6091.000 479
6092.000 960
6093.000 2375
6094.000 6767
6095.000 11093
6096.000 13116
6097.000 12104
6098.000 8416
6099.000 4716
6100.000 2973
6101.000 1917
6102.000 1239
6103.000 850
6104.000 719
6105.000 578
6106.000 451
6107.000 344
6108.000 262
6109.000 214
6110.000 187
6111.000 164
6112.000 152
6113.000 150
6114.000 146
6115.000 141
6116.000 146
6117.000 148
6118.000 145
6119.000 147
6120.000 151
6121.000 146
6122.000 147
6123.000 154
6124.000 160
6125.000 215
6126.000 365
6127.000 554
6128.000 701
6129.000 718
6130.000 581
6131.000 435
6132.000 350
6133.000 317
6134.000 310
6135.000 359
6136.000 437
6137.000 543
6138.000 744
6139.000 1474
6140.000 4467
6141.000 12040
6142.000 19194
6143.000 22571
6144.000 20405
6145.000 13535
6146.000 7850
6147.000 4841
6148.000 3158
6149.000 1956
6150.000 1394
6151.000 1165
6152.000 927
6153.000 718
6154.000 555
6155.000 433
6156.000 376
6157.000 348
6158.000 341
6159.000 442
6160.000 848
6161.000 2477
6162.000 5143
6163.000 6925
6164.000 7143
6165.000 5774
6166.000 3370
6167.000 2101
6168.000 1356
6169.000 900
6170.000 610
6171.000 491
6172.000 426
6173.000 365
6174.000 304
6175.000 251
6176.000 224
6177.000 192
6178.000 176
6179.000 170
6180.000 174
6181.000 189
6182.000 203
6183.000 192
6184.000 174
6185.000 161
6186.000 154
6187.000 145
6188.000 144
6189.000 140
6190.000 137
6191.000 148
6192.000 143
6193.000 136
6194.000 137
6195.000 136
6196.000 124
6197.000 131
6198.000 138
6199.000 137
6200.000 134
6201.000 136
6202.000 127
6203.000 138
6204.000 150
6205.000 157
6206.000 160
6207.000 172
6208.000 177
6209.000 190
6210.000 216
6211.000 257
6212.000 320
6213.000 479
6214.000 1408
6215.000 3387
6216.000 6004
6217.000 7869
6218.000 7112
6219.000 5173
6220.000 3185
6221.000 1822
6222.000 1255
6223.000 836
6224.000 603
6225.000 484
6226.000 415
6227.000 343
6228.000 278
6229.000 240
6230.000 205
6231.000 172
6232.000 153
6233.000 145
6234.000 141
6235.000 143
6236.000 145
6237.000 139
6238.000 137
6239.000 135
6240.000 132
6241.000 135
6242.000 143
6243.000 138
6244.000 145
6245.000 146
6246.000 144
6247.000 144
6248.000 157
6249.000 150
6250.000 152
6251.000 154
6252.000 152
6253.000 154
6254.000 172
6255.000 177
6256.000 184
6257.000 203
6258.000 236
6259.000 275
6260.000 338
6261.000 412
6262.000 684
6263.000 1573
6264.000 4810
6265.000 9844
6266.000 12997
6267.000 13173
6268.000 10528
6269.000 6065
6270.000 3829
6271.000 2472
6272.000 1598
6273.000 1050
6274.000 828
6275.000 690
6276.000 567
6277.000 452
6278.000 354
6279.000 295
6280.000 243
6281.000 203
6282.000 178
6283.000 166
6284.000 149
6285.000 155
6286.000 153
6287.000 149
6288.000 149
6289.000 157
6290.000 152
6291.000 156
6292.000 165
6293.000 172
6294.000 172
6295.000 179
6296.000 186
6297.000 202
6298.000 228
6299.000 260
6300.000 318
6301.000 620
6302.000 1815
6303.000 3678
6304.000 5550
6305.000 6129
6306.000 4931
6307.000 3350
6308.000 2034
6309.000 1292
6310.000 876
6311.000 622
6312.000 489
6313.000 421
6314.000 369
6315.000 318
6316.000 290
6317.000 266
6318.000 244
6319.000 224
6320.000 212
6321.000 206
6322.000 216
6323.000 229
6324.000 246
6325.000 277
6326.000 347
6327.000 427
6328.000 536
6329.000 698
6330.000 1031
6331.000 2861
6332.000 9085
6333.000 16778
6334.000 22428
6335.000 22747
6336.000 17176
6337.000 10667
6338.000 6473
6339.000 4194
6340.000 2592
6341.000 1734
6342.000 1375
6343.000 1121
6344.000 907
6345.000 721
6346.000 562
6347.000 448
6348.000 364
6349.000 294
6350.000 235
6351.000 213
6352.000 202
6353.000 191
6354.000 181
6355.000 176
6356.000 170
6357.000 173
6358.000 177
6359.000 179
6360.000 180
6361.000 184
6362.000 179
6363.000 180
6364.000 184
6365.000 190
6366.000 194
6367.000 206
6368.000 237
6369.000 239
6370.000 230
6371.000 243
6372.000 266
6373.000 301
6374.000 331
6375.000 377
6376.000 458
6377.000 571
6378.000 716
6379.000 1736
6380.000 5160
6381.000 11654
6382.000 19704
6383.000 22228
6384.000 19515
6385.000 13978
6386.000 8303
6387.000 5187
6388.000 3423
6389.000 2295
6390.000 1685
6391.000 1414
6392.000 1242
6393.000 1132
6394.000 1087
6395.000 1123
6396.000 1242
6397.000 1478
6398.000 2546
6399.000 8903
6400.000 23346
6401.000 40927
6402.000 52900
6403.000 49753
6404.000 36092
6405.000 23032
6406.000 13905
6407.000 9000
6408.000 5446
6409.000 3764
6410.000 2876
6411.000 2330
6412.000 1854
6413.000 1437
6414.000 936
6415.000 669
6416.000 523
6417.000 396
6418.000 310
6419.000 267
6420.000 249
6421.000 240
6422.000 232
6423.000 221
6424.000 206
6425.000 191
6426.000 180
6427.000 176
6428.000 181
6429.000 189
6430.000 180
6431.000 171
6432.000 167
6433.000 163
6434.000 170
6435.000 173
6436.000 173
6437.000 166
6438.000 153
6439.000 158
6440.000 162
6441.000 162
6442.000 161
6443.000 162
6444.000 164
6445.000 169
6446.000 167
6447.000 166
6448.000 167
6449.000 158
6450.000 154
6451.000 151
6452.000 154
6453.000 164
6454.000 178
6455.000 181
6456.000 184
6457.000 186
6458.000 184
6459.000 168
6460.000 171
6461.000 159
6462.000 146
6463.000 139
6464.000 143
6465.000 144
6466.000 153
6467.000 156
6468.000 153
6469.000 150
6470.000 156
6471.000 159
6472.000 165
6473.000 166
6474.000 155
6475.000 147
6476.000 145
6477.000 144
6478.000 147
6479.000 154
6480.000 147
6481.000 145
6482.000 146
6483.000 147
6484.000 149
6485.000 165
6486.000 160
6487.000 165
6488.000 172
6489.000 175
6490.000 172
6491.000 185
6492.000 191
6493.000 200
6494.000 220
6495.000 256
6496.000 294
6497.000 368
6498.000 491
6499.000 745
6500.000 1259
6501.000 2336
6502.000 3528
6503.000 5944
6504.000 10897
6505.000 19028
6506.000 26640
6507.000 26643
6508.000 21007
6509.000 12890
6510.000 5952
6511.000 3116
6512.000 1569
6513.000 719
6514.000 344
6515.000 252
6516.000 234
6517.000 219
6518.000 203
6519.000 197
6520.000 203
6521.000 204
6522.000 229
6523.000 249
6524.000 277
6525.000 341
6526.000 479
6527.000 844
6528.000 1322
6529.000 2062
6530.000 3547
6531.000 6426
6532.000 9792
6533.000 10823
6534.000 9390
6535.000 6350
6536.000 3149
6537.000 1705
6538.000 927
6539.000 487
6540.000 266
6541.000 199
6542.000 180
6543.000 170
6544.000 164
6545.000 161
6546.000 158
6547.000 159
6548.000 152
6549.000 149
6550.000 147
6551.000 146
6552.000 147
6553.000 147
6554.000 146
6555.000 146
6556.000 144
6557.000 137
6558.000 140
6559.000 142
6560.000 142
6561.000 142
6562.000 147
6563.000 140
6564.000 138
6565.000 138
6566.000 137
6567.000 136
6568.000 137
6569.000 133
6570.000 135
6571.000 142
6572.000 145
6573.000 138
6574.000 140
6575.000 139
6576.000 137
6577.000 138
6578.000 142
6579.000 141
6580.000 145
6581.000 147
6582.000 144
6583.000 146
6584.000 150
6585.000 152
6586.000 163
6587.000 183
6588.000 195
6589.000 218
6590.000 258
6591.000 334
6592.000 494
6593.000 832
6594.000 1396
6595.000 2264
6596.000 4068
6597.000 7066
6598.000 11050
6599.000 12440
6600.000 10704
6601.000 7343
6602.000 3932
6603.000 1945
6604.000 1143
6605.000 616
6606.000 333
6607.000 219
6608.000 185
6609.000 167
6610.000 151
6611.000 143
6612.000 140
6613.000 137
6614.000 139
6615.000 141
6616.000 135
6617.000 134
6618.000 142
6619.000 141
6620.000 141
6621.000 142
6622.000 138
6623.000 132
6624.000 140
6625.000 136
6626.000 135
6627.000 136
6628.000 135
6629.000 127
6630.000 135
6631.000 140
6632.000 142
6633.000 141
6634.000 140
6635.000 133
6636.000 139
6637.000 144
6638.000 144
6639.000 142
6640.000 146
6641.000 140
6642.000 141
6643.000 146
6644.000 147
6645.000 144
6646.000 155
6647.000 154
6648.000 150
6649.000 159
6650.000 188
6651.000 215
6652.000 223
6653.000 210
6654.000 184
6655.000 166
6656.000 163
6657.000 164
6658.000 165
6659.000 159
6660.000 143
6661.000 153
6662.000 161
6663.000 170
6664.000 183
6665.000 202
6666.000 220
6667.000 251
6668.000 294
6669.000 354
6670.000 443
6671.000 639
6672.000 1128
6673.000 1981
6674.000 3393
6675.000 5804
6676.000 11252
6677.000 18246
6678.000 22228
6679.000 21410
6680.000 15750
6681.000 8567
6682.000 4723
6683.000 2670
6684.000 1542
6685.000 766
6686.000 427
6687.000 313
6688.000 254
6689.000 220
6690.000 196
6691.000 177
6692.000 172
6693.000 172
6694.000 175
6695.000 179
6696.000 178
6697.000 171
6698.000 171
6699.000 175
6700.000 180
6701.000 180
6702.000 174
6703.000 171
6704.000 179
6705.000 197
6706.000 223
6707.000 242
6708.000 286
6709.000 353
6710.000 494
6711.000 790
6712.000 1433
6713.000 2425
6714.000 4798
6715.000 8598
6716.000 13066
6717.000 15591
6718.000 13299
6719.000 9174
6720.000 5161
6721.000 2581
6722.000 1633
6723.000 980
6724.000 578
6725.000 360
6726.000 258
6727.000 226
6728.000 202
6729.000 184
6730.000 172
6731.000 166
6732.000 160
6733.000 155
6734.000 147
6735.000 140
6736.000 138
6737.000 143
6738.000 152
6739.000 149
6740.000 142
6741.000 134
6742.000 128
6743.000 132
6744.000 141
6745.000 140
6746.000 133
6747.000 128
6748.000 134
6749.000 134
6750.000 139
6751.000 145
6752.000 144
6753.000 138
6754.000 136
6755.000 132
6756.000 132
6757.000 138
6758.000 129
6759.000 126
6760.000 122
6761.000 117
6762.000 115
6763.000 126
6764.000 131
6765.000 121
6766.000 118
6767.000 123
6768.000 114
6769.000 118
6770.000 123
6771.000 122
6772.000 117
6773.000 116
6774.000 117
6775.000 123
6776.000 122
6777.000 116
6778.000 109
6779.000 117
6780.000 118
6781.000 123
6782.000 127
6783.000 122
6784.000 110
6785.000 113
6786.000 111
6787.000 110
6788.000 117
6789.000 122
6790.000 111
6791.000 106
6792.000 104
6793.000 105
6794.000 116
6795.000 125
6796.000 119
6797.000 114
6798.000 114
6799.000 110
6800.000 115
6801.000 123
6802.000 119
6803.000 109
6804.000 112
6805.000 110
6806.000 110
6807.000 117
6808.000 121
6809.000 111
6810.000 117
6811.000 120
6812.000 124
6813.000 132
6814.000 142
6815.000 122
6816.000 119
6817.000 117
6818.000 112
6819.000 108
6820.000 122
6821.000 116
6822.000 115
6823.000 116
6824.000 116
6825.000 121
6826.000 143
6827.000 145
6828.000 140
6829.000 138
6830.000 128
6831.000 118
6832.000 129
6833.000 130
6834.000 117
6835.000 109
6836.000 116
6837.000 114
6838.000 119
6839.000 124
6840.000 112
6841.000 113
6842.000 118
6843.000 120
6844.000 123
6845.000 137
6846.000 132
6847.000 130
6848.000 132
6849.000 130
6850.000 124
6851.000 137
6852.000 125
6853.000 118
6854.000 116
6855.000 116
6856.000 117
6857.000 131
6858.000 128
6859.000 122
6860.000 121
6861.000 123
6862.000 119
6863.000 125
6864.000 130
6865.000 129
6866.000 127
6867.000 126
6868.000 132
6869.000 141
6870.000 152
6871.000 161
6872.000 161
6873.000 153
6874.000 144
6875.000 137
6876.000 138
6877.000 135
6878.000 131
6879.000 137
6880.000 151
6881.000 166
6882.000 184
6883.000 191
6884.000 180
6885.000 162
6886.000 150
6887.000 142
6888.000 142
6889.000 144
6890.000 143
6891.000 138
6892.000 137
6893.000 132
6894.000 136
6895.000 139
6896.000 138
6897.000 136
6898.000 140
6899.000 142
6900.000 146
6901.000 154
6902.000 167
6903.000 163
6904.000 175
6905.000 186
6906.000 190
6907.000 183
6908.000 175
6909.000 165
6910.000 161
6911.000 161
6912.000 160
6913.000 168
6914.000 176
6915.000 184
6916.000 197
6917.000 218
6918.000 240
6919.000 270
6920.000 320
6921.000 395
6922.000 503
6923.000 686
6924.000 1265
6925.000 2485
6926.000 5329
6927.000 10567
6928.000 18575
6929.000 23535
6930.000 22516
6931.000 17184
6932.000 10209
6933.000 5025
6934.000 3289
6935.000 2138
6936.000 1437
6937.000 1033
6938.000 738
6939.000 515
6940.000 371
6941.000 284
6942.000 236
6943.000 211
6944.000 196
6945.000 185
6946.000 178
6947.000 173
6948.000 169
6949.000 168
6950.000 168
6951.000 169
6952.000 171
6953.000 176
6954.000 172
6955.000 173
6956.000 177
6957.000 183
6958.000 191
6959.000 210
6960.000 237
6961.000 337
6962.000 598
6963.000 1082
6964.000 1824
6965.000 2502
6966.000 2646
6967.000 2272
6968.000 1555
6969.000 811
6970.000 531
6971.000 398
6972.000 323
6973.000 270
6974.000 240
6975.000 221
6976.000 207
6977.000 197
6978.000 188
6979.000 178
6980.000 175
6981.000 178
6982.000 180
6983.000 178
6984.000 177
6985.000 178
6986.000 175
6987.000 175
6988.000 175
6989.000 176
6990.000 184
6991.000 188
6992.000 186
6993.000 185
6994.000 188
6995.000 191
6996.000 191
6997.000 191
6998.000 191
6999.000 191
7000.000 196
7001.000 203
7002.000 206
7003.000 207
7004.000 206
7005.000 200
7006.000 208
7007.000 213
7008.000 214
7009.000 216
7010.000 230
7011.000 237
7012.000 240
7013.000 245
7014.000 250
7015.000 254
7016.000 280
7017.000 313
7018.000 371
7019.000 486
7020.000 710
7021.000 1186
7022.000 2083
7023.000 2930
7024.000 3424
7025.000 3410
7026.000 3003
7027.000 3377
7028.000 6324
7029.000 14042
7030.000 28517
7031.000 51671
7032.000 62659
7033.000 59267
7034.000 44473
7035.000 25382
7036.000 13118
7037.000 8283
7038.000 5289
7039.000 3611
7040.000 2692
7041.000 1989
7042.000 1336
7043.000 899
7044.000 629
7045.000 471
7046.000 366
7047.000 322
7048.000 302
7049.000 303
7050.000 317
7051.000 330
7052.000 314
7053.000 291
7054.000 278
7055.000 290
7056.000 341
7057.000 472
7058.000 599
7059.000 652
7060.000 610
7061.000 489
7062.000 374
7063.000 364
7064.000 472
7065.000 703
7066.000 1025
7067.000 1348
7068.000 1344
7069.000 1101
7070.000 768
7071.000 475
7072.000 325
7073.000 284
7074.000 250
7075.000 228
7076.000 214
7077.000 200
7078.000 188
7079.000 186
7080.000 181
7081.000 176
7082.000 175
7083.000 181
7084.000 179
7085.000 177
7086.000 175
7087.000 171
7088.000 170
7089.000 169
7090.000 164
7091.000 162
7092.000 165
7093.000 161
7094.000 163
7095.000 163
7096.000 160
7097.000 159
7098.000 173
7099.000 165
7100.000 162
7101.000 162
7102.000 161
7103.000 154
7104.000 161
7105.000 163
7106.000 162
7107.000 161
7108.000 163
7109.000 154
7110.000 162
7111.000 164
7112.000 161
7113.000 167
7114.000 169
7115.000 164
7116.000 173
7117.000 196
7118.000 226
7119.000 265
7120.000 293
7121.000 282
7122.000 248
7123.000 217
7124.000 190
7125.000 174
7126.000 171
7127.000 166
7128.000 155
7129.000 158
7130.000 156
7131.000 155
7132.000 156
7133.000 156
7134.000 149
7135.000 155
7136.000 156
7137.000 155
7138.000 159
7139.000 172
7140.000 163
7141.000 162
7142.000 163
7143.000 171
7144.000 195
7145.000 249
7146.000 301
7147.000 341
7148.000 353
7149.000 320
7150.000 249
7151.000 213
7152.000 188
7153.000 172
7154.000 168
7155.000 173
7156.000 169
7157.000 172
7158.000 174
7159.000 170
7160.000 173
7161.000 187
7162.000 195
7163.000 203
7164.000 213
7165.000 219
7166.000 244
7167.000 290
7168.000 358
7169.000 513
7170.000 909
7171.000 2400
7172.000 4940
7173.000 7152
7174.000 8005
7175.000 6810
7176.000 4357
7177.000 2573
7178.000 1515
7179.000 994
7180.000 667
7181.000 559
7182.000 477
7183.000 397
7184.000 319
7185.000 252
7186.000 230
7187.000 204
7188.000 188
7189.000 184
7190.000 187
7191.000 172
7192.000 179
7193.000 181
7194.000 178
7195.000 177
7196.000 184
7197.000 176
7198.000 175
7199.000 177
7200.000 177
7201.000 177
7202.000 182
7203.000 178
7204.000 182
7205.000 195
7206.000 191
7207.000 187
7208.000 185
7209.000 182
7210.000 183
7211.000 192
7212.000 188
7213.000 190
7214.000 198
7215.000 201
7216.000 186
7217.000 187
7218.000 198
7219.000 203
7220.000 206
7221.000 211
7222.000 217
7223.000 251
7224.000 278
7225.000 287
7226.000 278
7227.000 265
7228.000 240
7229.000 229
7230.000 236
7231.000 259
7232.000 281
7233.000 320
7234.000 344
7235.000 376
7236.000 437
7237.000 537
7238.000 687
7239.000 915
7240.000 1390
7241.000 2879
7242.000 6791
7243.000 18851
7244.000 29859
7245.000 35012
7246.000 32000
7247.000 21160
7248.000 12134
7249.000 7254
7250.000 4410
7251.000 2769
7252.000 1988
7253.000 1669
7254.000 1298
7255.000 955
7256.000 685
7257.000 511
7258.000 412
7259.000 333
7260.000 279
7261.000 252
7262.000 246
7263.000 228
7264.000 232
7265.000 233
7266.000 227
7267.000 221
7268.000 234
7269.000 264
7270.000 371
7271.000 572
7272.000 832
7273.000 1053
7274.000 1005
7275.000 801
7276.000 552
7277.000 358
7278.000 297
7279.000 254
7280.000 239
7281.000 232
7282.000 225
7283.000 221
7284.000 246
7285.000 265
7286.000 276
7287.000 279
7288.000 268
7289.000 241
7290.000 219
7291.000 192
7292.000 176
7293.000 181
7294.000 183
7295.000 177
7296.000 177
7297.000 174
7298.000 164
7299.000 165
7300.000 170
7301.000 169
7302.000 168
7303.000 169
7304.000 159
7305.000 166
7306.000 170
7307.000 168
7308.000 164
7309.000 173
7310.000 166
7311.000 163
7312.000 164
7313.000 168
7314.000 170
7315.000 185
7316.000 191
7317.000 190
7318.000 188
7319.000 195
7320.000 191
7321.000 195
7322.000 192
7323.000 183
7324.000 172
7325.000 174
7326.000 167
7327.000 161
7328.000 156
7329.000 152
7330.000 149
7331.000 158
7332.000 158
7333.000 158
7334.000 163
7335.000 161
7336.000 158
7337.000 166
7338.000 171
7339.000 167
7340.000 166
7341.000 156
7342.000 148
7343.000 149
7344.000 155
7345.000 151
7346.000 162
7347.000 159
7348.000 151
7349.000 149
7350.000 160
7351.000 159
7352.000 164
7353.000 173
7354.000 176
7355.000 166
7356.000 171
7357.000 172
7358.000 170
7359.000 168
7360.000 166
7361.000 152
7362.000 154
7363.000 161
7364.000 166
7365.000 165
7366.000 167
7367.000 156
7368.000 158
7369.000 170
7370.000 183
7371.000 194
7372.000 208
7373.000 203
7374.000 199
7375.000 201
7376.000 201
7377.000 203
7378.000 219
7379.000 248
7380.000 345
7381.000 612
7382.000 1267
7383.000 2252
7384.000 2919
7385.000 2995
7386.000 2451
7387.000 1454
7388.000 886
7389.000 576
7390.000 422
7391.000 344
7392.000 313
7393.000 301
7394.000 292
7395.000 274
7396.000 244
7397.000 223
7398.000 200
7399.000 192
7400.000 190
7401.000 187
7402.000 187
7403.000 190
7404.000 184
7405.000 176
7406.000 174
7407.000 182
7408.000 175
7409.000 177
7410.000 181
7411.000 181
7412.000 173
7413.000 184
7414.000 183
7415.000 179
7416.000 178
7417.000 180
7418.000 177
7419.000 183
7420.000 187
7421.000 191
7422.000 198
7423.000 206
7424.000 214
7425.000 237
7426.000 262
7427.000 272
7428.000 268
7429.000 268
7430.000 276
7431.000 308
7432.000 374
7433.000 464
7434.000 599
7435.000 1239
7436.000 3229
7437.000 6881
7438.000 11516
7439.000 12148
7440.000 10209
7441.000 6929
7442.000 3782
7443.000 2448
7444.000 1569
7445.000 1066
7446.000 813
7447.000 687
7448.000 580
7449.000 467
7450.000 386
7451.000 329
7452.000 288
7453.000 254
7454.000 238
7455.000 218
7456.000 210
7457.000 212
7458.000 213
7459.000 210
7460.000 210
7461.000 204
7462.000 200
7463.000 206
7464.000 214
7465.000 210
7466.000 214
7467.000 217
7468.000 213
7469.000 226
7470.000 291
7471.000 359
7472.000 407
7473.000 414
7474.000 365
7475.000 306
7476.000 273
7477.000 256
7478.000 246
7479.000 242
7480.000 238
7481.000 240
7482.000 255
7483.000 284
7484.000 326
7485.000 428
7486.000 924
7487.000 1692
7488.000 2446
7489.000 2808
7490.000 2313
7491.000 1595
7492.000 1053
7493.000 733
7494.000 559
7495.000 464
7496.000 421
7497.000 401
7498.000 397
7499.000 416
7500.000 505
7501.000 961
7502.000 1836
7503.000 2984
7504.000 4002
7505.000 3997
7506.000 3102
7507.000 2009
7508.000 1206
7509.000 849
7510.000 659
7511.000 728
7512.000 1119
7513.000 1881
7514.000 2840
7515.000 3614
7516.000 3311
7517.000 2458
7518.000 1573
7519.000 939
7520.000 653
7521.000 501
7522.000 427
7523.000 387
7524.000 358
7525.000 327
7526.000 316
7527.000 308
7528.000 304
7529.000 312
7530.000 332
7531.000 348
7532.000 473
7533.000 903
7534.000 1576
7535.000 2278
7536.000 2514
7537.000 2049
7538.000 1465
7539.000 1003
7540.000 770
7541.000 693
7542.000 943
7543.000 1192
7544.000 1303
7545.000 1206
7546.000 915
7547.000 673
7548.000 543
7549.000 457
7550.000 393
7551.000 361
7552.000 362
7553.000 353
7554.000 346
7555.000 341
7556.000 335
7557.000 334
7558.000 347
7559.000 356
7560.000 361
7561.000 366
7562.000 362
7563.000 356
7564.000 364
7565.000 376
7566.000 378
7567.000 384
7568.000 387
7569.000 384
7570.000 387
7571.000 400
7572.000 408
7573.000 427
7574.000 452
7575.000 482
7576.000 513
7577.000 543
7578.000 576
7579.000 639
7580.000 748
7581.000 916
7582.000 1155
7583.000 1663
7584.000 2964
7585.000 5357
7586.000 9124
7587.000 14216
7588.000 16414
7589.000 15425
7590.000 12005
7591.000 7878
7592.000 5039
7593.000 3672
7594.000 3120
7595.000 3238
7596.000 3957
7597.000 5496
7598.000 9506
7599.000 18873
7600.000 35927
7601.000 55341
7602.000 69529
7603.000 68822
7604.000 51692
7605.000 33814
7606.000 19985
7607.000 11783
7608.000 7098
7609.000 4957
7610.000 3822
7611.000 3090
7612.000 2442
7613.000 1876
7614.000 1507
7615.000 1224
7616.000 983
7617.000 784
7618.000 656
7619.000 596
7620.000 561
7621.000 545
7622.000 541
7623.000 544
7624.000 555
7625.000 553
7626.000 566
7627.000 603
7628.000 667
7629.000 759
7630.000 910
7631.000 1440
7632.000 2982
7633.000 6212
7634.000 11939
7635.000 17033
7636.000 18070
7637.000 15395
7638.000 10497
7639.000 5904
7640.000 3899
7641.000 2729
7642.000 2113
7643.000 1839
7644.000 1618
7645.000 1302
7646.000 1041
7647.000 832
7648.000 672
7649.000 556
7650.000 493
7651.000 437
7652.000 430
7653.000 446
7654.000 421
7655.000 395
7656.000 385
7657.000 379
7658.000 375
7659.000 379
7660.000 381
7661.000 372
7662.000 365
7663.000 363
7664.000 366
7665.000 367
7666.000 376
7667.000 373
7668.000 362
7669.000 351
7670.000 346
7671.000 350
7672.000 358
7673.000 365
7674.000 371
7675.000 391
7676.000 423
7677.000 477
7678.000 555
7679.000 663
7680.000 812
7681.000 1066
7682.000 1573
7683.000 2449
7684.000 3622
7685.000 4835
7686.000 5044
7687.000 4410
7688.000 3444
7689.000 2575
7690.000 2150
7691.000 2265
7692.000 3146
7693.000 4604
7694.000 6136
7695.000 7044
7696.000 6234
7697.000 4556
7698.000 3010
7699.000 1880
7700.000 1212
7701.000 799
7702.000 625
7703.000 540
7704.000 488
7705.000 438
7706.000 384
7707.000 348
7708.000 326
7709.000 310
7710.000 296
7711.000 287
7712.000 287
7713.000 293
7714.000 308
7715.000 334
7716.000 379
7717.000 455
7718.000 556
7719.000 701
7720.000 960
7721.000 1453
7722.000 2711
7723.000 4467
7724.000 5703
7725.000 5869
7726.000 4785
7727.000 3083
7728.000 1923
7729.000 1201
7730.000 789
7731.000 545
7732.000 460
7733.000 414
7734.000 378
7735.000 345
7736.000 313
7737.000 284
7738.000 261
7739.000 250
7740.000 250
7741.000 254
7742.000 248
7743.000 258
7744.000 282
7745.000 301
7746.000 313
7747.000 340
7748.000 337
7749.000 307
7750.000 269
7751.000 241
7752.000 233
7753.000 222
7754.000 216
7755.000 214
7756.000 212
7757.000 210
7758.000 212
7759.000 214
7760.000 212
7761.000 209
7762.000 211
7763.000 212
7764.000 206
7765.000 208
7766.000 209
7767.000 203
7768.000 202
7769.000 206
7770.000 210
7771.000 210
7772.000 208
7773.000 207
7774.000 212
7775.000 217
7776.000 219
7777.000 218
7778.000 216
7779.000 207
7780.000 202
7781.000 202
7782.000 204
7783.000 201
7784.000 207
7785.000 203
7786.000 199
7787.000 202
7788.000 206
7789.000 196
7790.000 197
7791.000 199
7792.000 198
7793.000 190
7794.000 193
7795.000 194
7796.000 196
7797.000 197
7798.000 198
7799.000 202
7800.000 214
7801.000 224
7802.000 234
7803.000 248
7804.000 241
7805.000 227
7806.000 229
7807.000 229
7808.000 217
7809.000 210
7810.000 209
7811.000 202
7812.000 202
7813.000 209
7814.000 207
7815.000 203
7816.000 199
7817.000 193
7818.000 190
7819.000 198
7820.000 194
7821.000 195
7822.000 200
7823.000 203
7824.000 199
7825.000 210
7826.000 209
7827.000 207
7828.000 209
7829.000 210
7830.000 204
7831.000 209
7832.000 212
7833.000 214
7834.000 218
7835.000 214
7836.000 209
7837.000 215
7838.000 224
7839.000 229
7840.000 235
7841.000 246
7842.000 257
7843.000 274
7844.000 304
7845.000 347
7846.000 428
7847.000 555
7848.000 736
7849.000 990
7850.000 1356
7851.000 1911
7852.000 2979
7853.000 4801
7854.000 6985
7855.000 8583
7856.000 7852
7857.000 5866
7858.000 3776
7859.000 2179
7860.000 1264
7861.000 741
7862.000 469
7863.000 338
7864.000 286
7865.000 266
7866.000 248
7867.000 228
7868.000 223
7869.000 227
7870.000 228
7871.000 217
7872.000 219
7873.000 219
7874.000 216
7875.000 216
7876.000 220
7877.000 222
7878.000 225
7879.000 225
7880.000 227
7881.000 238
7882.000 254
7883.000 262
7884.000 273
7885.000 293
7886.000 323
7887.000 352
7888.000 357
7889.000 337
7890.000 301
7891.000 269
7892.000 244
7893.000 230
7894.000 221
7895.000 217
7896.000 216
7897.000 217
7898.000 207
7899.000 205
7900.000 210
7901.000 214
7902.000 219
7903.000 220
7904.000 223
7905.000 225
7906.000 227
7907.000 231
7908.000 250
7909.000 265
7910.000 280
7911.000 308
7912.000 376
7913.000 435
7914.000 455
7915.000 425
7916.000 358
7917.000 289
7918.000 263
7919.000 250
7920.000 246
7921.000 247
7922.000 248
7923.000 244
7924.000 251
7925.000 265
7926.000 293
7927.000 340
7928.000 383
7929.000 388
7930.000 367
7931.000 332
7932.000 292
7933.000 272
7934.000 279
7935.000 288
7936.000 300
7937.000 316
7938.000 329
7939.000 357
7940.000 429
7941.000 564
7942.000 756
7943.000 956
7944.000 1113
7945.000 1433
7946.000 2315
7947.000 3774
7948.000 5086
7949.000 5030
7950.000 3854
7951.000 2432
7952.000 1368
7953.000 859
7954.000 594
7955.000 425
7956.000 328
7957.000 281
7958.000 267
7959.000 275
7960.000 266
7961.000 263
7962.000 268
7963.000 275
7964.000 298
7965.000 347
7966.000 394
7967.000 427
7968.000 433
7969.000 390
7970.000 345
7971.000 317
7972.000 293
7973.000 264
7974.000 256
7975.000 253
7976.000 257
7977.000 267
7978.000 276
7979.000 266
7980.000 275
7981.000 291
7982.000 300
7983.000 300
7984.000 308
7985.000 290
7986.000 278
7987.000 275
7988.000 275
7989.000 271
7990.000 283
7991.000 283
7992.000 281
7993.000 282
7994.000 289
7995.000 293
7996.000 315
7997.000 330
7998.000 349
7999.000 393
8000.000 465
8001.000 560
8002.000 701
8003.000 998
8004.000 1588
8005.000 2683
8006.000 3440
8007.000 3429
8008.000 2812
8009.000 1960
8010.000 1447
8011.000 1361
8012.000 1815
8013.000 2859
8014.000 4250
8015.000 5169
8016.000 4477
8017.000 3169
8018.000 1935
8019.000 1157
8020.000 798
8021.000 618
8022.000 504
8023.000 429
8024.000 383
8025.000 367
8026.000 361
8027.000 369
8028.000 378
8029.000 380
8030.000 368
8031.000 371
8032.000 367
8033.000 370
8034.000 379
8035.000 385
8036.000 374
8037.000 379
8038.000 383
8039.000 388
8040.000 398
8041.000 408
8042.000 397
8043.000 396
8044.000 404
8045.000 415
8046.000 430
8047.000 458
8048.000 474
8049.000 494
8050.000 529
8051.000 577
8052.000 689
8053.000 856
8054.000 1074
8055.000 1374
8056.000 1833
8057.000 2921
8058.000 4645
8059.000 6019
8060.000 6417
8061.000 5583
8062.000 3840
8063.000 2593
8064.000 1744
8065.000 1216
8066.000 930
8067.000 773
8068.000 670
8069.000 611
8070.000 582
8071.000 571
8072.000 576
8073.000 570
8074.000 574
8075.000 586
8076.000 602
8077.000 619
8078.000 654
8079.000 712
8080.000 819
8081.000 972
8082.000 1091
8083.000 1080
8084.000 981
8085.000 867
8086.000 786
8087.000 749
8088.000 738
8089.000 747
8090.000 766
8091.000 798
8092.000 855
8093.000 925
8094.000 1018
8095.000 1156
8096.000 1381
8097.000 1758
8098.000 2380
8099.000 3304
8100.000 4706
8101.000 7379
8102.000 12274
8103.000 19864
8104.000 24586
8105.000 24897
8106.000 21853
8107.000 17809
8108.000 16878
8109.000 19515
8110.000 29419
8111.000 47176
8112.000 69536
8113.000 84458
8114.000 80105
8115.000 65562
8116.000 47563
8117.000 31146
8118.000 18258
8119.000 11138
8120.000 7101
8121.000 4746
8122.000 3206
8123.000 2259
8124.000 1725
8125.000 1374
8126.000 1160
8127.000 1038
8128.000 971
8129.000 933
8130.000 898
8131.000 875
8132.000 878
8133.000 926
8134.000 1061
8135.000 1250
8136.000 1361
8137.000 1333
8138.000 1158
8139.000 955
8140.000 840
8141.000 772
8142.000 731
8143.000 700
8144.000 686
8145.000 675
8146.000 667
8147.000 661
8148.000 654
8149.000 647
8150.000 646
8151.000 636
8152.000 631
8153.000 633
8154.000 622
8155.000 618
8156.000 616
8157.000 612
8158.000 607
8159.000 608
8160.000 608
8161.000 604
8162.000 598
8163.000 594
8164.000 598
8165.000 596
8166.000 599
8167.000 600
8168.000 600
8169.000 604
8170.000 608
8171.000 612
8172.000 615
8173.000 616
8174.000 616
8175.000 622
8176.000 634
8177.000 668
8178.000 716
8179.000 767
8180.000 821
8181.000 925
8182.000 1145
8183.000 1513
8184.000 2056
8185.000 2813
8186.000 4041
8187.000 6656
8188.000 11270
8189.000 16908
8190.000 20525
8191.000 18579
8192.000 13996
8193.000 9292
8194.000 5781
8195.000 3589
8196.000 2446
8197.000 1810
8198.000 1420
8199.000 1147
8200.000 947
8201.000 839
8202.000 800
8203.000 808
8204.000 855
8205.000 933
8206.000 984
8207.000 967
8208.000 906
8209.000 831
8210.000 772
8211.000 737
8212.000 716
8213.000 703
8214.000 697
8215.000 698
8216.000 703
8217.000 715
8218.000 766
8219.000 843
8220.000 932
8221.000 1022
8222.000 1159
8223.000 1436
8224.000 1959
8225.000 2802
8226.000 3984
8227.000 5786
8228.000 9567
8229.000 17227
8230.000 27841
8231.000 37928
8232.000 38283
8233.000 31176
8234.000 22131
8235.000 14120
8236.000 8615
8237.000 5288
8238.000 3632
8239.000 2690
8240.000 2072
8241.000 1595
8242.000 1261
8243.000 1073
8244.000 958
8245.000 886
8246.000 836
8247.000 819
8248.000 807
8249.000 809
8250.000 838
8251.000 895
8252.000 943
8253.000 996
8254.000 1085
8255.000 1253
8256.000 1556
8257.000 2079
8258.000 2911
8259.000 4127
8260.000 6451
8261.000 10650
8262.000 17374
8263.000 22427
8264.000 23040
8265.000 19739
8266.000 14279
8267.000 9181
8268.000 5890
8269.000 3957
8270.000 2898
8271.000 2392
8272.000 2185
8273.000 2271
8274.000 2661
8275.000 3403
8276.000 4748
8277.000 7281
8278.000 13047
8279.000 19314
8280.000 22711
8281.000 22116
8282.000 17670
8283.000 12018
8284.000 7969
8285.000 5191
8286.000 3492
8287.000 2611
8288.000 2217
8289.000 2036
8290.000 2076
8291.000 2443
8292.000 3210
8293.000 4412
8294.000 6315
8295.000 11024
8296.000 19157
8297.000 28825
8298.000 35866
8299.000 32859
8300.000 25154
8301.000 17137
8302.000 10790
8303.000 6585
8304.000 4189
8305.000 3012
8306.000 2288
8307.000 1757
8308.000 1338
8309.000 1065
8310.000 904
8311.000 791
8312.000 711
8313.000 658
8314.000 640
8315.000 625
8316.000 615
8317.000 605
8318.000 593
8319.000 578
8320.000 581
8321.000 573
8322.000 560
8323.000 546
8324.000 533
8325.000 520
8326.000 521
8327.000 517
8328.000 505
8329.000 503
8330.000 500
8331.000 484
8332.000 477
8333.000 480
8334.000 475
8335.000 473
8336.000 478
8337.000 475
8338.000 471
8339.000 482
8340.000 507
8341.000 535
8342.000 583
8343.000 675
8344.000 850
8345.000 1227
8346.000 1501
8347.000 1556
8348.000 1398
8349.000 1102
8350.000 852
8351.000 693
8352.000 580
8353.000 511
8354.000 475
8355.000 449
8356.000 423
8357.000 415
8358.000 413
8359.000 409
8360.000 406
8361.000 412
8362.000 424
8363.000 457
8364.000 514
8365.000 575
8366.000 582
8367.000 556
8368.000 521
8369.000 498
8370.000 510
8371.000 585
8372.000 724
8373.000 1011
8374.000 1654
8375.000 2892
8376.000 4957
8377.000 6390
8378.000 6360
8379.000 5097
8380.000 3258
8381.000 1888
8382.000 1275
8383.000 928
8384.000 726
8385.000 609
8386.000 528
8387.000 464
8388.000 417
8389.000 393
8390.000 390
8391.000 379
8392.000 378
8393.000 378
8394.000 378
8395.000 382
8396.000 397
8397.000 410
8398.000 416
8399.000 433
8400.000 464
8401.000 500
8402.000 612
8403.000 793
8404.000 1065
8405.000 1678
8406.000 2996
8407.000 5500
8408.000 7124
8409.000 7249
8410.000 5989
8411.000 3945
8412.000 2604
8413.000 1808
8414.000 1359
8415.000 1208
8416.000 1313
8417.000 1610
8418.000 1794
8419.000 1822
8420.000 1767
8421.000 1887
8422.000 2818
8423.000 5593
8424.000 7873
8425.000 8600
8426.000 7398
8427.000 4721
8428.000 2903
8429.000 1838
8430.000 1235
8431.000 899
8432.000 745
8433.000 636
8434.000 543
8435.000 465
8436.000 409
8437.000 384
8438.000 359
8439.000 339
8440.000 330
8441.000 327
8442.000 317
8443.000 321
8444.000 315
8445.000 307
8446.000 304
8447.000 310
8448.000 303
8449.000 304
8450.000 303
8451.000 294
8452.000 282
8453.000 292
8454.000 303
8455.000 306
8456.000 303
8457.000 296
8458.000 285
8459.000 298
8460.000 316
8461.000 344
8462.000 381
8463.000 419
8464.000 396
8465.000 372
8466.000 343
8467.000 314
8468.000 300
8469.000 295
8470.000 287
8471.000 285
8472.000 286
8473.000 284
8474.000 290
8475.000 290
8476.000 281
8477.000 274
8478.000 282
8479.000 291
8480.000 293
8481.000 303
8482.000 318
8483.000 333
8484.000 348
8485.000 353
8486.000 346
8487.000 344
8488.000 362
8489.000 398
8490.000 479
8491.000 672
8492.000 1106
8493.000 1882
8494.000 3076
8495.000 3731
8496.000 3532
8497.000 2773
8498.000 1832
8499.000 1125
8500.000 854
8501.000 716
8502.000 691
8503.000 778
8504.000 984
8505.000 1318
8506.000 2336
8507.000 3948
8508.000 5553
8509.000 6282
8510.000 5473
8511.000 3901
8512.000 2623
8513.000 1768
8514.000 1184
8515.000 881
8516.000 792
8517.000 781
8518.000 940
8519.000 1408
8520.000 2396
8521.000 3107
8522.000 3155
8523.000 2599
8524.000 1720
8525.000 1100
8526.000 785
8527.000 582
8528.000 473
8529.000 429
8530.000 390
8531.000 350
8532.000 324
8533.000 298
8534.000 275
8535.000 271
8536.000 277
8537.000 275
8538.000 272
8539.000 266
8540.000 257
8541.000 264
8542.000 279
8543.000 293
8544.000 307
8545.000 318
8546.000 303
8547.000 288
8548.000 281
8549.000 277
8550.000 268
8551.000 263
8552.000 253
8553.000 246
8554.000 242
8555.000 238
8556.000 228
8557.000 239
8558.000 238
8559.000 233
8560.000 230
8561.000 238
8562.000 235
8563.000 239
8564.000 242
8565.000 241
8566.000 236
8567.000 240
8568.000 246
8569.000 263
8570.000 289
8571.000 312
8572.000 295
8573.000 294
8574.000 287
8575.000 277
8576.000 274
8577.000 268
8578.000 246
8579.000 244
8580.000 254
8581.000 256
8582.000 270
8583.000 281
8584.000 277
8585.000 277
8586.000 301
8587.000 349
8588.000 523
8589.000 828
8590.000 1161
8591.000 1389
8592.000 1337
8593.000 1028
8594.000 729
8595.000 513
8596.000 393
8597.000 315
8598.000 287
8599.000 267
8600.000 255
8601.000 248
8602.000 245
8603.000 235
8604.000 234
8605.000 239
8606.000 244
8607.000 235
8608.000 237
8609.000 232
8610.000 225
8611.000 223
8612.000 229
8613.000 230
8614.000 231
8615.000 227
8616.000 222
8617.000 224
8618.000 235
8619.000 231
8620.000 239
8621.000 246
8622.000 245
8623.000 244
8624.000 260
8625.000 264
8626.000 263
8627.000 266
8628.000 274
8629.000 284
8630.000 337
8631.000 470
8632.000 712
8633.000 1080
8634.000 1400
8635.000 1422
8636.000 1234
8637.000 937
8638.000 637
8639.000 501
8640.000 419
8641.000 366
8642.000 336
8643.000 333
8644.000 348
8645.000 387
8646.000 449
8647.000 502
8648.000 516
8649.000 527
8650.000 577
8651.000 805
8652.000 1263
8653.000 1900
8654.000 2367
8655.000 2312
8656.000 1890
8657.000 1347
8658.000 895
8659.000 626
8660.000 483
8661.000 408
8662.000 370
8663.000 349
8664.000 342
8665.000 398
8666.000 511
8667.000 635
8668.000 716
8669.000 693
8670.000 559
8671.000 461
8672.000 392
8673.000 347
8674.000 324
8675.000 341
8676.000 378
8677.000 458
8678.000 575
8679.000 706
8680.000 826
8681.000 879
8682.000 841
8683.000 732
8684.000 593
8685.000 466
8686.000 395
8687.000 359
8688.000 342
8689.000 333
8690.000 337
8691.000 343
8692.000 337
8693.000 334
8694.000 342
8695.000 345
8696.000 355
8697.000 360
8698.000 353
8699.000 343
8700.000 351
8701.000 368
8702.000 388
8703.000 410
8704.000 426
8705.000 416
8706.000 397
8707.000 383
8708.000 373
8709.000 369
8710.000 369
8711.000 357
8712.000 368
8713.000 374
8714.000 373
8715.000 375
8716.000 387
8717.000 384
8718.000 384
8719.000 390
8720.000 399
8721.000 400
8722.000 410
8723.000 416
8724.000 420
8725.000 427
8726.000 436
8727.000 436
8728.000 438
8729.000 440
8730.000 443
8731.000 458
8732.000 473
8733.000 478
8734.000 490
8735.000 513
8736.000 542
8737.000 611
8738.000 691
8739.000 737
8740.000 736
8741.000 699
8742.000 645
8743.000 611
8744.000 595
8745.000 588
8746.000 583
8747.000 592
8748.000 597
8749.000 602
8750.000 612
8751.000 631
8752.000 637
8753.000 652
8754.000 662
8755.000 673
8756.000 694
8757.000 728
8758.000 745
8759.000 753
8760.000 761
8761.000 776
8762.000 801
8763.000 858
8764.000 922
8765.000 980
8766.000 1038
8767.000 1121
8768.000 1260
8769.000 1533
8770.000 1981
8771.000 2694
8772.000 3808
8773.000 5927
8774.000 11520
8775.000 19028
8776.000 25914
8777.000 29108
8778.000 25097
8779.000 19307
8780.000 14259
8781.000 10479
8782.000 7606
8783.000 5801
8784.000 4586
8785.000 3636
8786.000 2851
8787.000 2206
8788.000 1804
8789.000 1551
8790.000 1369
8791.000 1243
8792.000 1166
8793.000 1125
8794.000 1093
8795.000 1077
8796.000 1074
8797.000 1080
8798.000 1090
8799.000 1094
8800.000 1096
8801.000 1107
8802.000 1123
8803.000 1130
8804.000 1145
8805.000 1193
8806.000 1278
8807.000 1389
8808.000 1502
8809.000 1635
8810.000 1825
8811.000 2142
8812.000 2682
8813.000 3585
8814.000 5458
8815.000 8935
8816.000 18278
8817.000 34643
8818.000 55897
8819.000 69033
8820.000 64775
8821.000 51836
8822.000 36708
8823.000 24467
8824.000 15966
8825.000 10624
8826.000 7420
8827.000 5557
8828.000 4342
8829.000 3438
8830.000 2763
8831.000 2261
8832.000 1893
8833.000 1616
8834.000 1398
8835.000 1261
8836.000 1172
8837.000 1112
8838.000 1070
8839.000 1049
8840.000 1031
8841.000 1016
8842.000 1000
8843.000 980
8844.000 954
8845.000 940
8846.000 923
8847.000 910
8848.000 904
8849.000 911
8850.000 964
8851.000 1100
8852.000 1288
8853.000 1450
8854.000 1509
8855.000 1444
8856.000 1300
8857.000 1129
8858.000 995
8859.000 950
8860.000 1004
8861.000 1104
8862.000 1179
8863.000 1229
8864.000 1263
8865.000 1286
8866.000 1226
8867.000 1115
8868.000 987
8869.000 870
8870.000 774
8871.000 728
8872.000 702
8873.000 684
8874.000 669
8875.000 653
8876.000 641
8877.000 635
8878.000 628
8879.000 619
8880.000 611
8881.000 608
8882.000 604
8883.000 603
8884.000 604
8885.000 599
8886.000 593
8887.000 596
8888.000 594
8889.000 588
8890.000 580
8891.000 578
8892.000 575
8893.000 574
8894.000 577
8895.000 580
8896.000 580
8897.000 578
8898.000 582
8899.000 585
8900.000 586
8901.000 586
8902.000 585
8903.000 587
8904.000 596
8905.000 616
8906.000 655
8907.000 720
8908.000 755
8909.000 759
8910.000 738
8911.000 706
8912.000 674
8913.000 657
8914.000 658
8915.000 683
8916.000 737
8917.000 796
8918.000 877
8919.000 956
8920.000 1040
8921.000 1148
8922.000 1331
8923.000 1731
8924.000 2474
8925.000 4117
8926.000 7266
8927.000 12595
8928.000 16706
8929.000 17575
8930.000 15570
8931.000 11859
8932.000 8422
8933.000 5801
8934.000 3978
8935.000 2810
8936.000 2114
8937.000 1705
8938.000 1437
8939.000 1231
8940.000 1077
8941.000 964
8942.000 869
8943.000 814
8944.000 815
8945.000 879
8946.000 1019
8947.000 1259
8948.000 1791
8949.000 3199
8950.000 5475
8951.000 7854
8952.000 9226
8953.000 8619
8954.000 6900
8955.000 5175
8956.000 3723
8957.000 2590
8958.000 1875
8959.000 1469
8960.000 1199
8961.000 1010
8962.000 872
8963.000 767
8964.000 701
8965.000 646
8966.000 594
8967.000 547
8968.000 521
8969.000 503
8970.000 502
8971.000 504
8972.000 498
8973.000 483
8974.000 475
8975.000 470
8976.000 477
8977.000 490
8978.000 499
8979.000 496
8980.000 493
8981.000 489
8982.000 483
8983.000 480
8984.000 487
8985.000 502
8986.000 528
8987.000 550
8988.000 551
8989.000 533
8990.000 510
8991.000 482
8992.000 461
8993.000 454
8994.000 438
8995.000 434
8996.000 445
8997.000 450
8998.000 439
8999.000 437
9000.000 440
9001.000 434
9002.000 431
9003.000 433
9004.000 424
9005.000 423
9006.000 419
9007.000 414
9008.000 416
9009.000 435
9010.000 437
9011.000 430
9012.000 425
9013.000 422
9014.000 416
9015.000 431
9016.000 434
9017.000 434
9018.000 438
9019.000 448
9020.000 439
9021.000 444
9022.000 450
9023.000 454
9024.000 457
9025.000 469
9026.000 466
9027.000 473
9028.000 491
9029.000 508
9030.000 506
9031.000 525
9032.000 547
9033.000 570
9034.000 593
9035.000 624
9036.000 660
9037.000 732
9038.000 858
9039.000 1085
9040.000 1496
9041.000 2322
9042.000 4675
9043.000 8517
9044.000 12578
9045.000 14575
9046.000 13067
9047.000 9723
9048.000 6548
9049.000 4195
9050.000 2453
9051.000 1703
9052.000 1182
9053.000 865
9054.000 696
9055.000 601
9056.000 549
9057.000 523
9058.000 504
9059.000 495
9060.000 494
9061.000 481
9062.000 471
9063.000 466
9064.000 458
9065.000 448
9066.000 452
9067.000 459
9068.000 454
9069.000 447
9070.000 443
9071.000 430
9072.000 438
9073.000 443
9074.000 442
9075.000 441
9076.000 446
9077.000 433
9078.000 431
9079.000 436
9080.000 438
9081.000 430
9082.000 433
9083.000 430
9084.000 430
9085.000 435
9086.000 445
9087.000 436
9088.000 435
9089.000 436
9090.000 439
9091.000 446
9092.000 463
9093.000 461
9094.000 461
9095.000 465
9096.000 470
9097.000 456
9098.000 467
9099.000 462
9100.000 453
9101.000 451
9102.000 454
9103.000 460
9104.000 469
9105.000 472
9106.000 467
9107.000 467
9108.000 482
9109.000 491
9110.000 509
9111.000 535
9112.000 551
9113.000 560
9114.000 581
9115.000 615
9116.000 676
9117.000 780
9118.000 966
9119.000 1268
9120.000 2663
9121.000 5099
9122.000 7895
9123.000 9471
9124.000 8476
9125.000 6438
9126.000 4327
9127.000 2817
9128.000 1873
9129.000 1447
9130.000 1134
9131.000 884
9132.000 710
9133.000 641
9134.000 599
9135.000 568
9136.000 553
9137.000 550
9138.000 542
9139.000 542
9140.000 543
9141.000 542
9142.000 544
9143.000 563
9144.000 563
9145.000 584
9146.000 627
9147.000 686
9148.000 750
9149.000 813
9150.000 821
9151.000 814
9152.000 812
9153.000 827
9154.000 893
9155.000 1032
9156.000 1286
9157.000 1745
9158.000 2576
9159.000 4363
9160.000 8717
9161.000 12857
9162.000 15267
9163.000 14991
9164.000 11665
9165.000 8391
9166.000 5772
9167.000 3932
9168.000 2803
9169.000 2128
9170.000 1551
9171.000 1142
9172.000 882
9173.000 734
9174.000 654
9175.000 600
9176.000 561
9177.000 534
9178.000 515
9179.000 496
9180.000 485
9181.000 481
9182.000 479
9183.000 476
9184.000 467
9185.000 453
9186.000 445
9187.000 448
9188.000 451
9189.000 439
9190.000 429
9191.000 425
9192.000 426
9193.000 432
9194.000 441
9195.000 422
9196.000 419
9197.000 410
9198.000 408
9199.000 429
9200.000 489
9201.000 530
9202.000 545
9203.000 532
9204.000 494
9205.000 446
9206.000 418
9207.000 402
9208.000 395
9209.000 395
9210.000 395
9211.000 379
9212.000 377
9213.000 373
9214.000 363
9215.000 353
9216.000 359
9217.000 375
9218.000 414
9219.000 474
9220.000 543
9221.000 636
9222.000 946
9223.000 1351
9224.000 1689
9225.000 1791
9226.000 1549
9227.000 1171
9228.000 858
9229.000 642
9230.000 508
9231.000 453
9232.000 412
9233.000 363
9234.000 321
9235.000 300
9236.000 286
9237.000 280
9238.000 285
9239.000 281
9240.000 266
9241.000 265
9242.000 266
9243.000 261
9244.000 264
9245.000 270
9246.000 259
9247.000 246
9248.000 242
9249.000 237
9250.000 235
9251.000 249
9252.000 250
9253.000 237
9254.000 231
9255.000 230
9256.000 225
9257.000 234
9258.000 229
9259.000 218
9260.000 211
9261.000 213
9262.000 203
9263.000 207
9264.000 210
9265.000 208
9266.000 204
9267.000 203
9268.000 203
9269.000 206
9270.000 209
9271.000 209
9272.000 206
9273.000 205
9274.000 201
9275.000 199
9276.000 205
9277.000 220
9278.000 214
9279.000 202
9280.000 191
9281.000 187
9282.000 194
9283.000 203
9284.000 192
9285.000 184
9286.000 184
9287.000 183
9288.000 179
9289.000 198
9290.000 203
9291.000 198
9292.000 195
9293.000 189
9294.000 186
9295.000 196
9296.000 204
9297.000 198
9298.000 207
9299.000 246
9300.000 281
9301.000 306
9302.000 316
9303.000 291
9304.000 261
9305.000 242
9306.000 228
9307.000 220
9308.000 227
9309.000 219
9310.000 199
9311.000 188
9312.000 194
9313.000 201
9314.000 210
9315.000 212
9316.000 200
9317.000 182
9318.000 175
9319.000 172
9320.000 170
9321.000 172
9322.000 174
9323.000 168
9324.000 183
9325.000 211
9326.000 233
9327.000 246
9328.000 250
9329.000 210
9330.000 193
9331.000 180
9332.000 170
9333.000 167
9334.000 180
9335.000 172
9336.000 165
9337.000 158
9338.000 150
9339.000 148
9340.000 161
9341.000 162
9342.000 158
9343.000 158
9344.000 162
9345.000 152
9346.000 158
9347.000 164
9348.000 165
9349.000 166
9350.000 172
9351.000 183
9352.000 209
9353.000 238
9354.000 250
9355.000 244
9356.000 221
9357.000 190
9358.000 169
9359.000 175
9360.000 184
9361.000 183
9362.000 180
9363.000 176
9364.000 172
9365.000 177
9366.000 174
9367.000 168
9368.000 165
9369.000 168
9370.000 170
9371.000 212
9372.000 287
9373.000 360
9374.000 402
9375.000 393
9376.000 335
9377.000 285
9378.000 246
9379.000 213
9380.000 185
9381.000 170
9382.000 158
9383.000 151
9384.000 151
9385.000 159
9386.000 145
9387.000 142
9388.000 139
9389.000 136
9390.000 135
9391.000 145
9392.000 142
9393.000 139
9394.000 139
9395.000 137
9396.000 136
9397.000 145
9398.000 143
9399.000 136
9400.000 132
9401.000 137
9402.000 131
9403.000 137
9404.000 145
9405.000 146
9406.000 133
9407.000 140
9408.000 148
9409.000 162
9410.000 183
9411.000 206
9412.000 200
9413.000 187
9414.000 170
9415.000 155
9416.000 151
9417.000 156
9418.000 147
9419.000 142
9420.000 144
9421.000 145
9422.000 143
9423.000 161
9424.000 177
9425.000 187
9426.000 197
9427.000 184
9428.000 168
9429.000 165
9430.000 162
9431.000 145
9432.000 134
9433.000 134
9434.000 134
9435.000 140
9436.000 152
9437.000 150
9438.000 147
9439.000 150
9440.000 156
9441.000 165
9442.000 188
9443.000 209
9444.000 222
9445.000 229
9446.000 227
9447.000 200
9448.000 197
9449.000 187
9450.000 173
9451.000 159
9452.000 149
9453.000 139
9454.000 141
9455.000 143
9456.000 143
9457.000 143
9458.000 157
9459.000 164
9460.000 166
9461.000 161
9462.000 153
9463.000 140
9464.000 137
9465.000 136
9466.000 137
9467.000 141
9468.000 147
9469.000 144
9470.000 144
9471.000 141
9472.000 133
9473.000 133
9474.000 143
9475.000 139
9476.000 133
9477.000 133
9478.000 134
9479.000 139
9480.000 147
9481.000 150
9482.000 146
9483.000 146
9484.000 139
9485.000 141
9486.000 158
9487.000 177
9488.000 163
9489.000 159
9490.000 149
9491.000 139
9492.000 137
9493.000 150
9494.000 158
9495.000 164
9496.000 165
9497.000 161
9498.000 155
9499.000 166
9500.000 165
9501.000 153
9502.000 146
9503.000 152
9504.000 152
9505.000 155
9506.000 158
9507.000 166
9508.000 182
9509.000 214
9510.000 282
9511.000 390
9512.000 495
9513.000 553
9514.000 522
9515.000 438
9516.000 356
9517.000 285
9518.000 236
9519.000 218
9520.000 196
9521.000 183
9522.000 171
9523.000 158
9524.000 151
9525.000 159
9526.000 153
9527.000 145
9528.000 141
9529.000 143
9530.000 138
9531.000 157
9532.000 171
9533.000 178
9534.000 181
9535.000 190
9536.000 181
9537.000 176
9538.000 170
9539.000 161
9540.000 160
9541.000 155
9542.000 146
9543.000 141
9544.000 145
9545.000 151
9546.000 153
9547.000 159
9548.000 159
9549.000 152
9550.000 152
9551.000 145
9552.000 141
9553.000 142
9554.000 145
9555.000 139
9556.000 136
9557.000 133
9558.000 131
9559.000 131
9560.000 136
9561.000 131
9562.000 129
9563.000 137
9564.000 145
9565.000 141
9566.000 138
9567.000 135
9568.000 133
9569.000 138
9570.000 148
9571.000 135
9572.000 131
9573.000 129
9574.000 131
9575.000 137
9576.000 148
9577.000 141
9578.000 139
9579.000 135
9580.000 126
9581.000 122
9582.000 140
9583.000 141
9584.000 141
9585.000 145
9586.000 142
9587.000 132
9588.000 141
9589.000 148
9590.000 144
9591.000 137
9592.000 139
9593.000 140
9594.000 146
9595.000 152
9596.000 147
9597.000 132
9598.000 139
9599.000 145
9600.000 147
9601.000 147
9602.000 149
9603.000 140
9604.000 134
9605.000 134
9606.000 137
9607.000 150
9608.000 163
9609.000 160
9610.000 152
9611.000 146
9612.000 139
9613.000 141
9614.000 152
9615.000 156
9616.000 152
9617.000 154
9618.000 152
9619.000 148
9620.000 152
9621.000 158
9622.000 150
9623.000 148
9624.000 146
9625.000 145
9626.000 150
9627.000 162
9628.000 159
9629.000 159
9630.000 161
9631.000 158
9632.000 147
9633.000 169
9634.000 168
9635.000 161
9636.000 159
9637.000 165
9638.000 162
9639.000 173
9640.000 174
9641.000 167
9642.000 163
9643.000 176
9644.000 168
9645.000 173
9646.000 188
9647.000 198
9648.000 188
9649.000 193
9650.000 200
9651.000 215
9652.000 242
9653.000 275
9654.000 328
9655.000 520
9656.000 798
9657.000 1076
9658.000 1237
9659.000 1150
9660.000 945
9661.000 729
9662.000 553
9663.000 436
9664.000 411
9665.000 406
9666.000 388
9667.000 353
9668.000 310
9669.000 276
9670.000 249
9671.000 235
9672.000 224
9673.000 209
9674.000 206
9675.000 207
9676.000 204
9677.000 207
9678.000 216
9679.000 212
9680.000 202
9681.000 203
9682.000 212
9683.000 230
9684.000 274
9685.000 282
9686.000 270
9687.000 252
9688.000 237
9689.000 225
9690.000 227
9691.000 223
9692.000 220
9693.000 216
9694.000 208
9695.000 197
9696.000 212
9697.000 222
9698.000 218
9699.000 206
9700.000 207
9701.000 200
9702.000 208
9703.000 223
9704.000 229
9705.000 216
9706.000 216
9707.000 212
9708.000 209
9709.000 212
9710.000 221
9711.000 217
9712.000 220
9713.000 227
9714.000 237
9715.000 252
9716.000 271
9717.000 278
9718.000 283
9719.000 286
9720.000 270
9721.000 263
9722.000 263
9723.000 256
9724.000 246
9725.000 252
9726.000 254
9727.000 252
9728.000 258
9729.000 264
9730.000 258
9731.000 256
9732.000 252
9733.000 253
9734.000 263
9735.000 279
9736.000 270
9737.000 272
9738.000 276
9739.000 278
9740.000 282
9741.000 302
9742.000 314
9743.000 320
9744.000 327
9745.000 340
9746.000 358
9747.000 421
9748.000 511
9749.000 657
9750.000 853
9751.000 1031
9752.000 1049
9753.000 976
9754.000 858
9755.000 728
9756.000 600
9757.000 517
9758.000 465
9759.000 442
9760.000 437
9761.000 429
9762.000 404
9763.000 401
9764.000 395
9765.000 382
9766.000 373
9767.000 393
9768.000 385
9769.000 379
9770.000 382
9771.000 391
9772.000 395
9773.000 414
9774.000 415
9775.000 415
9776.000 427
9777.000 428
9778.000 433
9779.000 457
9780.000 479
9781.000 487
9782.000 507
9783.000 541
9784.000 574
9785.000 607
9786.000 637
9787.000 651
9788.000 668
9789.000 688
9790.000 725
9791.000 789
9792.000 883
9793.000 1033
9794.000 1309
9795.000 1792
9796.000 2802
9797.000 4726
9798.000 7017
9799.000 8432
9800.000 8498
9801.000 7479
9802.000 6005
9803.000 4506
9804.000 3317
9805.000 2523
9806.000 2055
9807.000 1783
9808.000 1574
9809.000 1357
9810.000 1156
9811.000 986
9812.000 851
9813.000 747
9814.000 671
9815.000 610
9816.000 568
9817.000 545
9818.000 528
9819.000 503
9820.000 492
9821.000 480
9822.000 462
9823.000 447
9824.000 453
9825.000 442
9826.000 429
9827.000 420
9828.000 414
9829.000 405
9830.000 411
9831.000 407
9832.000 391
9833.000 377
9834.000 371
9835.000 373
9836.000 376
9837.000 373
9838.000 365
9839.000 364
9840.000 366
9841.000 353
9842.000 345
9843.000 355
9844.000 351
9845.000 340
9846.000 337
9847.000 334
9848.000 328
9849.000 339
9850.000 336
9851.000 329
9852.000 326
9853.000 330
9854.000 326
9855.000 350
9856.000 355
9857.000 352
9858.000 347
9859.000 340
9860.000 323
9861.000 321
9862.000 321
9863.000 317
9864.000 309
9865.000 313
9866.000 305
9867.000 302
9868.000 304
9869.000 305
9870.000 299
9871.000 297
9872.000 292
9873.000 292
9874.000 304
9875.000 312
9876.000 309
9877.000 311
9878.000 311
9879.000 304
9880.000 299
9881.000 309
9882.000 312
9883.000 309
9884.000 306
9885.000 306
9886.000 304
9887.000 313
9888.000 318
9889.000 312
9890.000 308
9891.000 306
9892.000 307
9893.000 315
9894.000 324
9895.000 322
9896.000 333
9897.000 336
9898.000 333
9899.000 336
9900.000 359
9901.000 347
9902.000 348
9903.000 357
9904.000 365
9905.000 366
9906.000 381
9907.000 387
9908.000 396
9909.000 411
9910.000 432
9911.000 440
9912.000 471
9913.000 501
9914.000 533
9915.000 576
9916.000 647
9917.000 753
9918.000 946
9919.000 1347
9920.000 2074
9921.000 3245
9922.000 4307
9923.000 4682
9924.000 4453
9925.000 3823
9926.000 3081
9927.000 2370
9928.000 1811
9929.000 1429
9930.000 1199
9931.000 1052
9932.000 938
9933.000 821
9934.000 713
9935.000 621
9936.000 549
9937.000 504
9938.000 473
9939.000 441
9940.000 413
9941.000 397
9942.000 375
9943.000 367
9944.000 362
9945.000 350
9946.000 330
9947.000 325
9948.000 313
9949.000 306
9950.000 308
9951.000 315
9952.000 303
9953.000 291
9954.000 284
9955.000 277
9956.000 271
9957.000 285
9958.000 275
9959.000 271
9960.000 264
9961.000 254
9962.000 246
9963.000 257
9964.000 257
9965.000 248
9966.000 240
9967.000 239
9968.000 233
9969.000 236
9970.000 230
9971.000 220
9972.000 215
9973.000 212
9974.000 205
9975.000 209
9976.000 215
9977.000 212
9978.000 202
9979.000 207
9980.000 202
9981.000 199
9982.000 208
9983.000 213
9984.000 201
9985.000 197
9986.000 197
9987.000 196
9988.000 203
9989.000 201
9990.000 190
9991.000 179
9992.000 173
9993.000 166
9994.000 181
9995.000 194
9996.000 192
9997.000 181
9998.000 180
9999.000 178
