    ra          dec
319.8350140  21.9347480
319.8352500  21.9426950
319.8376840  21.9048310
319.8384640  21.9546250
319.8406980  21.9354920
319.8409670  21.9231420
319.8409810  21.9521730
319.8414730  21.9408730
319.8415590  21.9124250
319.8428030  21.9291000
319.8435870  21.9343700
319.8459230  21.9127370
319.8459870  21.9264750
319.8463810  21.9010620
319.8480420  21.9067750
319.8481090  21.9108140
319.8497060  21.9238170
319.8501560  21.9096640
319.8502140  21.9248420
319.8507870  21.9519060
319.8523140  21.9653980
319.8529590  21.9665840
319.8535060  21.9804060
319.8535090  21.9589620
319.8542340  21.9643250
319.8547840  21.9208640
319.8548120  21.9140560
319.8552700  21.9365390
319.8573780  21.9695980
319.8578060  21.9082420
319.8581230  21.9846920
319.8581950  21.9181840
319.8584670  21.9690560
319.8585920  21.9718170
319.8590640  21.9344030
319.8601140  21.9258250
319.8607000  21.9710670
319.8614170  21.9600500
319.8615560  21.9002390
319.8616530  21.9797280
319.8646370  21.9016890
319.8649870  21.9771560
319.8651810  21.9776340
319.8655120  21.9258310
319.8660090  21.9901980
319.8662090  21.9601870
319.8675560  21.9409140
319.8675870  21.9156530
319.8681060  21.9221700
319.8688250  21.9577170
319.8692500  21.9836120
319.8695870  21.9692590
319.8699840  21.9971030
319.8706780  21.9862390
319.8710640  21.9449060
319.8716120  21.9112480
319.8720590  21.9068250
319.8721140  21.9984090
319.8724310  21.9047450
319.8724620  21.9635230
319.8741140  21.9379780
319.8744730  21.9047390
319.8749000  21.9262060
319.8751590  21.9636920
319.8752090  21.9337090
319.8752120  21.9969980
319.8753140  21.9410030
319.8756840  21.9050920
319.8760000  21.9825640
319.8764340  21.9441230
319.8764390  21.9833700
319.8774530  21.9088120
319.8774670  21.9656480
319.8782890  21.9792730
319.8784230  21.9843530
319.8787750  21.9310920
319.8798200  21.9317340
319.8801620  21.9496250
319.8802700  21.9582920
319.8803420  21.9197250
319.8819780  21.9928700
319.8825980  21.9674060
319.8826750  21.9201840
319.8830840  21.9426590
319.8832560  21.9477730
319.8834810  21.9824730
319.8840750  21.9236370
319.8844280  21.9612230
319.8851120  21.9970280
319.8852120  21.9387390
319.8856870  21.9243920
319.8856890  21.9264390
319.8859480  21.9097230
319.8862170  21.9822870
319.8863700  21.9269170
319.8869750  21.9986000
319.8872730  21.9863000
319.8907120  21.9528340
319.8914420  21.9348090
319.8914530  21.9111310
319.8918370  21.9982000
319.8936420  21.9646230
319.8936560  21.9863620
319.8937090  21.9712700
319.8957120  21.9133920
319.8961390  21.9831390
319.8964620  21.9745750
319.8964700  21.9528450
319.8969170  21.9060200
319.8973370  21.9752730
319.8976590  21.9747120
319.8978280  21.9917870
319.8981670  21.9734670
319.8983230  21.9651000
319.8985980  21.9356890
319.8986590  21.9729530
319.8987730  21.9126420
319.8989140  21.9745450
319.8993450  21.9747230
319.8993480  21.9728370
319.8994060  21.9724200
319.8995530  21.9739120
319.8997090  21.9743920
319.9000120  21.9731120
319.9001340  21.9729060
319.9003370  21.9101560
319.9010090  21.9238730
319.9013280  21.9732450
319.9015840  21.9732390
319.9016060  21.9414390
319.9024530  21.9730890
319.9030230  21.9843120
319.9030730  21.9306250
319.9046370  21.9612980
319.9051730  21.9229590
319.9058060  21.9911530
319.9058120  21.9325420
319.9059480  21.9346200
319.9068870  21.9229670
319.9075500  21.9814030
319.9080810  21.9870620
319.9084340  21.9489950
319.9087620  21.9353500
319.9088030  21.9707560
319.9090310  21.9567450
319.9090390  21.9712420
319.9094370  21.9429950
319.9098310  21.9293620
319.9099120  21.9708250
319.9106140  21.9711170
319.9107030  21.9190530
319.9109140  21.9973980
319.9111500  21.9447120
319.9118370  21.9786870
319.9122000  21.9409500
319.9124200  21.9359000
319.9126730  21.9952670
319.9131780  21.9156280
319.9138230  21.9569200
319.9138810  21.9696500
319.9146640  21.9993000
319.9146950  21.9690170
319.9148890  21.9344280
319.9151670  21.9221370
319.9151950  21.9341980
319.9155590  21.9683450
319.9156230  21.9676390
319.9164340  21.9225450
319.9165840  21.9691870
319.9165840  21.9846530
319.9166250  21.9431310
319.9171390  21.9680140
319.9171870  21.9690560
319.9173230  21.9798250
319.9189780  21.9333620
319.9191120  21.9069370
319.9195170  21.9051950
319.9195640  21.9678170
319.9200730  21.9681280
319.9203620  21.9666890
319.9205030  21.9678030
319.9205670  21.9930170
319.9212560  21.9245420
319.9213840  21.9089090
319.9221390  21.9671950
319.9222810  21.9480170
319.9223780  21.9673730
319.9225700  21.9064030
319.9226030  21.9665250
319.9228250  21.9674870
319.9228620  21.9547620
319.9237480  21.9404500
319.9252030  21.9627620
319.9257200  21.9610370
319.9262560  21.9813620
319.9264030  21.9823670
319.9267140  21.9826870
319.9268840  21.9834250
319.9277280  21.9598370
319.9279870  21.9119030
319.9282500  21.9880870
319.9283590  21.9449060
319.9286950  21.9734280
319.9287840  21.9795370
319.9297140  21.9131780
319.9297500  21.9019140
319.9300780  21.9824030
319.9302420  21.9887340
319.9303890  21.9354810
319.9307000  21.9793450
319.9308030  21.9642090
319.9308980  21.9516090
319.9312450  21.9556060
319.9324840  21.9980870
319.9326530  21.9347370
319.9335590  21.9995420
319.9339640  21.9499230
319.9339980  21.9060640
319.9349450  21.9600750
319.9351870  21.9424280
319.9357250  21.9691170
319.9371750  21.9590840
319.9377280  21.9247370
319.9378280  21.9256980
319.9384640  21.9263530
319.9391280  21.9614170
319.9396840  21.9924060
319.9403640  21.9050500
319.9405480  21.9485590
319.9408200  21.9481200
319.9418480  21.9297230
319.9418700  21.9403810
319.9421810  21.9921890
319.9422530  21.9043870
319.9425620  21.9972340
319.9427230  21.9684670
319.9428250  21.9688450
319.9430890  21.9773230
319.9436980  21.9606980
319.9437840  21.9188120
319.9440450  21.9039950
319.9441530  21.9231500
319.9452140  21.9373390
319.9453200  21.9013500
319.9459870  21.9871450
319.9472090  21.9933060
319.9473950  21.9223700
319.9484030  21.9105120
319.9487730  21.9948920
319.9501060  21.9866170
319.9516980  21.9728140
319.9519920  21.9649730
319.9525060  21.9209750
319.9533230  21.9791370
319.9537140  21.9058920
319.9539870  21.9181250
319.9542310  21.9119840
319.9551530  21.9120250
319.9551670  21.9966140
319.9566420  21.9138390
319.9567750  21.9067920
319.9575700  21.9796620
319.9582030  21.9739170
319.9587370  21.9648620
319.9605230  21.9887500
319.9607590  21.9190670
319.9611090  21.9803980
319.9615840  21.9961450
319.9625310  21.9665250
319.9627250  21.9670120
319.9627590  21.9285370
319.9629920  21.9274640
319.9631810  21.9368670
319.9645250  21.9383480
319.9655090  21.9015450
319.9661700  21.9841450
319.9662530  21.9213140
319.9662730  21.9732810
319.9672950  21.9609620
319.9704280  21.9036250
319.9705200  21.9971500
319.9709870  21.9512140
319.9722780  21.9727590
319.9726370  21.9384310
319.9727250  21.9367870
319.9741670  21.9565480
319.9764950  21.9429700
319.9767590  21.9569310
319.9770170  21.9263530
319.9771060  21.9372480
319.9772000  21.9059000
319.9772530  21.9807030
319.9772750  21.9647120
319.9779920  21.9483920
319.9784750  21.9336230
319.9789950  21.9745250
319.9791700  21.9373840
319.9793730  21.9390310
319.9817480  21.9144450
319.9822920  21.9646000
319.9825780  21.9531920
319.9831560  21.9869060
319.9832480  21.9939370
319.9833950  21.9129890
319.9835560  21.9645060
319.9841840  21.9835620
319.9842590  21.9873390
319.9848030  21.9220500
319.9849530  21.9936590
319.9865370  21.9222640
319.9866450  21.9163340
319.9869750  21.9419280
319.9871310  21.9675640
319.9878780  21.9483980
319.9890280  21.9845980
319.9899480  21.9647870
319.9907230  21.9946730
319.9938670  21.9646670
319.9940000  21.9583590
319.9941530  21.9350280
319.9949840  21.9856700
319.9949890  21.9162090
319.9955870  21.9955090
319.9961500  21.9295530
319.9963780  21.9481640
319.9978870  21.9819310
319.9991140  21.9331230
319.9993530  21.9234780
319.9994500  21.9007030
319.9999090  21.9051560
319.9999730  21.9445340
320.0002140  21.9821980
320.0003640  21.9856950
320.0007450  21.9360500
320.0012230  21.9737280
320.0030730  21.9428670
320.0032640  21.9249890
320.0037170  21.9342200
320.0038310  21.9603810
320.0040030  21.9818250
320.0041170  21.9671060
320.0043920  21.9763390
320.0047060  21.9319950
320.0050280  21.9927000
320.0058140  21.9131750
320.0066170  21.9696780
320.0085030  21.9304750
320.0087090  21.9661000
320.0090170  21.9404560
320.0091090  21.9805560
320.0096140  21.9900730
320.0103920  21.9286200
320.0106000  21.9711250
320.0106450  21.9161730
320.0109920  21.9515200
320.0117250  21.9649620
320.0128560  21.9923500
320.0139060  21.9365340
320.0140730  21.9745980
320.0141140  21.9791810
320.0143140  21.9739870
320.0143780  21.9063620
320.0146870  21.9289870
320.0152890  21.9551120
320.0160140  21.9049000
320.0163590  21.9549560
320.0169530  21.9275670
320.0171870  21.9850530
320.0172370  21.9445310
320.0177480  21.9974090
320.0178500  21.9702780
320.0187640  21.9472920
320.0194250  21.9476620
320.0205920  21.9330700
320.0211590  21.9747090
320.0225230  21.9088640
320.0227000  21.9519780
320.0232950  21.9845200
320.0237120  21.9300200
320.0260120  21.9700620
320.0273530  21.9568480
320.0276670  21.9788420
320.0281230  21.9641590
320.0285620  21.9471000
320.0293640  21.9433090
320.0295060  21.9775450
320.0295780  21.9376280
320.0303590  21.9128560
320.0312420  21.9221120
320.0319450  21.9223500
320.0319640  21.9743390
320.0321810  21.9556950
320.0328120  21.9648890
320.0332420  21.9131730
320.0334000  21.9519230
320.0337090  21.9005730
320.0338670  21.9159060
320.0343250  21.9365950
320.0365840  21.9192390
320.0369700  21.9443920
320.0375170  21.9501230
320.0385310  21.9653060
320.0389280  21.9581090
320.0391420  21.9485170
320.0401870  21.9680670
320.0403950  21.9105640
320.0421780  21.9326810
320.0429530  21.9425780
320.0466700  21.9464640
320.0489030  21.9394780
320.0490280  21.9279730
319.8432200  21.8944340
319.8453000  21.8863310
319.8499590  21.8935920
319.8515170  21.8853030
319.8519120  21.8912810
319.8527120  21.8757230
319.8529810  21.8834980
319.8547030  21.8758250
319.8553500  21.8911950
319.8568810  21.8817840
319.8570230  21.8969170
319.8601480  21.8895060
319.8613230  21.8706670
319.8630530  21.8822370
319.8638750  21.8947000
319.8645840  21.8986250
319.8652310  21.8656890
319.8673140  21.8601920
319.8676030  21.8669120
319.8680280  21.8956530
319.8684590  21.8738420
319.8695120  21.8821310
319.8750530  21.8742420
319.8755090  21.8789170
319.8772230  21.8794230
319.8784340  21.8835560
319.8787980  21.8838670
319.8791060  21.8631730
319.8793780  21.8793950
319.8794120  21.8519530
319.8843120  21.8653340
319.8845140  21.8604090
319.8845200  21.8509030
319.8849450  21.8964640
319.8882810  21.8742200
319.8882870  21.8959560
319.8887310  21.8692450
319.8891560  21.8705310
319.8904000  21.8743640
319.8915450  21.8512920
319.8915780  21.8850530
319.8915890  21.8508000
319.8920000  21.8578370
319.8944280  21.8547890
319.8945640  21.8654310
319.8956840  21.8434530
319.8981590  21.8536030
319.8984450  21.8617370
319.8987670  21.8499480
319.8988230  21.8914620
319.8992890  21.8808530
319.9000890  21.8947060
319.9014840  21.8805560
319.9027280  21.8806340
319.9044030  21.8813530
319.9048450  21.8823670
319.9053090  21.8669500
319.9055620  21.8474920
319.9061750  21.8420700
319.9076870  21.8363730
319.9081950  21.8360090
319.9094170  21.8903700
319.9116500  21.8637170
319.9140420  21.8422640
319.9150140  21.8595980
319.9154370  21.8868390
319.9156340  21.8934310
319.9157980  21.8861530
319.9174920  21.8989370
319.9176730  21.8597370
319.9197750  21.8839890
319.9205730  21.8759840
319.9205980  21.8534590
319.9219000  21.8426890
319.9224840  21.8392250
319.9228950  21.8348620
319.9232560  21.8545480
319.9244810  21.8914250
319.9246980  21.8562090
319.9257500  21.8695810
319.9265620  21.8827590
319.9266450  21.8684730
319.9281120  21.8998950
319.9286890  21.8372670
319.9289450  21.8507030
319.9297230  21.8846730
319.9298670  21.8551590
319.9299950  21.8403390
319.9306090  21.8897090
319.9311640  21.8720370
319.9319870  21.8901370
319.9342750  21.8350870
319.9343170  21.8775670
319.9350450  21.8571530
319.9354730  21.8410700
319.9356250  21.8737560
319.9356480  21.8690480
319.9357780  21.8447390
319.9360030  21.8489000
319.9362890  21.8489980
319.9380140  21.8851200
319.9396090  21.8737280
319.9399060  21.8382810
319.9406560  21.8554620
319.9413200  21.8993750
319.9421280  21.8681390
319.9429390  21.8768700
319.9431870  21.8654730
319.9450480  21.8533420
319.9459370  21.8655030
319.9471310  21.8891370
319.9479620  21.8731530
319.9494810  21.8607120
319.9507000  21.8441840
319.9509730  21.8451390
319.9530340  21.8838640
319.9536230  21.8389500
319.9538750  21.8330140
319.9544250  21.8376890
319.9553250  21.8775700
319.9553480  21.8937230
319.9556920  21.8733620
319.9569420  21.8339390
319.9574920  21.8884340
319.9590780  21.8376620
319.9598810  21.8872230
319.9601200  21.8840530
319.9609530  21.8806620
319.9616390  21.8870310
319.9660030  21.8933950
319.9661530  21.8684730
319.9670390  21.8511530
319.9677390  21.8578950
319.9682090  21.8756640
319.9689980  21.8790420
319.9703750  21.8523450
319.9707750  21.8602590
319.9710170  21.8413170
319.9719810  21.8993500
319.9719950  21.8868090
319.9725700  21.8599810
319.9730120  21.8337590
319.9731250  21.8610390
319.9765530  21.8376670
319.9777120  21.8950780
319.9782640  21.8670000
319.9795810  21.8932170
319.9799700  21.8963670
319.9806370  21.8816670
319.9815230  21.8451060
319.9819870  21.8520450
319.9851000  21.8714700
319.9859640  21.8860670
319.9865450  21.8857980
319.9884170  21.8966620
319.9890280  21.8566120
319.9898980  21.8878840
319.9910280  21.8552450
319.9914170  21.8674870
319.9924890  21.8776340
319.9927340  21.8803390
319.9927640  21.8903370
319.9968810  21.8751700
319.9970170  21.8831200
319.9992000  21.8640170
319.9992230  21.8457480
320.0010060  21.8903670
320.0022950  21.8553870
320.0067870  21.8507530
320.0096640  21.8915870
320.0120250  21.8544140
320.0134530  21.8675170
320.0148450  21.8959730
320.0209120  21.8743780
320.0255280  21.8769870
320.0257200  21.8939890
320.0282280  21.8893200
320.0303500  21.8766530
320.0332030  21.8821480
320.0365780  21.8953000
320.0409120  21.8953640
319.8704390  22.0044480
319.8726700  22.0059340
319.8785280  22.0083390
319.8800340  22.0072480
319.8810950  22.0062750
319.8837120  22.0101310
319.8838670  22.0065810
319.8840200  22.0126920
319.8872060  22.0006310
319.8892700  22.0148750
319.8919420  22.0167370
319.8926620  22.0133030
319.8982060  22.0170950
319.8991870  22.0148700
319.8996840  22.0181700
319.9048420  22.0202140
319.9056140  22.0058420
319.9080250  22.0214310
319.9085620  22.0109890
319.9131140  22.0066030
319.9133920  22.0044500
319.9136420  22.0185370
319.9141870  22.0122120
319.9159390  22.0181810
319.9173780  22.0095950
319.9203060  22.0047750
319.9213370  22.0250170
319.9235530  22.0202340
319.9237620  22.0228890
319.9253590  22.0172870
319.9305670  22.0120530
319.9310780  22.0138170
319.9326640  22.0233920
319.9367980  22.0125920
319.9395730  22.0080200
319.9415670  22.0218640
319.9417890  22.0239060
319.9427420  22.0148370
319.9445090  22.0257870
319.9451500  22.0286280
319.9475870  22.0032750
319.9482700  22.0154670
319.9496670  22.0084370
319.9509420  22.0007030
319.9565480  22.0060390
319.9576200  22.0052780
319.9577140  22.0106170
319.9585980  22.0098230
319.9597370  22.0128390
319.9600780  22.0089120
319.9601670  22.0161420
319.9612230  22.0163500
319.9626340  22.0175810
319.9646370  22.0047700
319.9659310  22.0079200
319.9690310  22.0224780
319.9702030  22.0125730
319.9735920  22.0158920
319.9766120  22.0223060
319.9771590  22.0050060
319.9802170  22.0135200
319.9803250  22.0168810
319.9842870  22.0136950
319.9864420  22.0151140
319.9894870  22.0106090
319.9957780  22.0109000
319.9977730  22.0134500
319.9986060  22.0024030
320.0031700  22.0092170
320.0124670  22.0013120
