57420.23477264 11.82659721 0.03797362 0.00000000
57420.23619728 11.91661072 0.04178526 0.00000000
57420.23762194 11.92603779 0.04193199 0.00000000
57420.23904659 11.86393547 0.03858938 0.00000000
57420.24047124 11.91780472 0.04207168 0.00000000
57420.24189589 11.87977123 0.04083779 0.00000000
57420.24332054 11.91867733 0.04094253 0.00000000
57420.24474519 11.93699646 0.04115979 0.00000000
57420.24616985 11.86623192 0.04101584 0.00000000
57420.24759449 11.89356232 0.04092734 0.00000000
57420.24901915 12.00707150 0.04464050 0.00000000
57420.25044380 11.89285088 0.04098219 0.00000000
57420.25186844 11.99835873 0.04646259 0.00000000
57420.25329310 11.97901154 0.04337537 0.00000000
57420.25471775 11.88916492 0.04142230 0.00000000
57420.25614240 11.94212246 0.04315992 0.00000000
57420.25756705 11.97730255 0.04312243 0.00000000
57420.25899170 11.93130875 0.04220042 0.00000000
57420.26041635 11.87745380 0.04128380 0.00000000
57420.26184100 11.97054100 0.04411410 0.00000000
57420.26326566 11.97709846 0.04453414 0.00000000
57420.26469031 11.96456242 0.04618673 0.00000000
57420.26611495 12.07184410 0.04702840 0.00000000
57420.26753961 11.95829296 0.04376580 0.00000000
57420.26896425 12.09383774 0.04895765 0.00000000
57420.27038891 12.09770679 0.04860510 0.00000000
57420.27181356 12.06988621 0.05044680 0.00000000
57420.27323821 12.09687233 0.04892229 0.00000000
57420.27608751 12.04676437 0.03982673 0.00000000
57420.27751216 12.07749557 0.04057829 0.00000000
57420.27893681 12.12633324 0.04069820 0.00000000
57420.28036146 12.13759327 0.04161072 0.00000000
57420.28178611 12.06553650 0.03803077 0.00000000
57420.28321076 12.22444344 0.04688835 0.00000000
57420.28463542 12.21081924 0.04484247 0.00000000
57420.28606006 12.10993958 0.04275361 0.00000000
57420.28748472 12.24871635 0.04931079 0.00000000
57420.28890937 12.22916317 0.04381841 0.00000000
57420.29033402 12.34519100 0.05161541 0.00000000
57420.29175866 12.23267078 0.04630313 0.00000000
57420.29318332 12.29766560 0.04951153 0.00000000
57420.29460797 12.46210861 0.05627191 0.00000000
57420.29603262 12.20050049 0.04474233 0.00000000
57420.29745728 12.31905842 0.05080907 0.00000000
57420.29888192 12.61855698 0.06726877 0.00000000
57420.30030657 12.54208279 0.06219648 0.00000000
57420.30173123 12.50813675 0.05878516 0.00000000
57420.30315587 12.55887985 0.06158382 0.00000000
57420.30458052 12.39878368 0.05523159 0.00000000
57420.30600518 12.43375111 0.05510350 0.00000000
57420.30742983 12.67364216 0.07061964 0.00000000
57420.30885448 12.51277733 0.06055559 0.00000000
57420.31027913 12.75834179 0.07654262 0.00000000
57420.31170378 12.46118641 0.05729438 0.00000000
57420.31312843 12.61820984 0.06723404 0.00000000
57420.31455308 12.65438175 0.06939919 0.00000000
57420.31597773 12.65272617 0.06892298 0.00000000
57420.31740238 12.61903477 0.06653417 0.00000000
57420.31882704 12.58149529 0.06396909 0.00000000
57420.32025169 12.52897072 0.06164633 0.00000000
57420.32167634 12.57788944 0.06058721 0.00000000
57420.32310099 12.39364433 0.06047861 0.00000000
57420.32452564 12.44272709 0.05636698 0.00000000
57420.32595029 12.25256538 0.05065214 0.00000000
57420.32737494 12.39697456 0.05382266 0.00000000
57420.32879959 12.26827812 0.04866628 0.00000000
57420.33022424 12.27224922 0.04763800 0.00000000
57420.33164889 12.18518829 0.04435436 0.00000000
57420.33307354 12.18432236 0.04353216 0.00000000
57420.33449819 12.20736313 0.04938784 0.00000000
57420.33592284 12.30883789 0.04748792 0.00000000
57420.33734749 12.23317432 0.04470058 0.00000000
57420.33877214 12.23058510 0.04557002 0.00000000
57420.34019679 12.22414780 0.04454879 0.00000000
57420.34162144 12.15404415 0.04292098 0.00000000
57420.34304609 12.03739262 0.03988945 0.00000000
57420.34447074 12.08283520 0.04214722 0.00000000
57420.34589539 12.07104874 0.03983021 0.00000000
57420.34732005 12.11008358 0.04212837 0.00000000
57420.34874469 12.08496666 0.04028013 0.00000000
57421.17647329 12.01236439 0.03085228 0.00000000
57421.17789794 11.99878216 0.03090319 0.00000000
57421.17932260 12.05410194 0.03196522 0.00000000
57421.18074725 11.98704052 0.02999834 0.00000000
57421.18217191 12.01224709 0.03073132 0.00000000
57421.18359657 12.02213383 0.03045100 0.00000000
57421.18502122 12.07147884 0.03147753 0.00000000
57421.18644588 11.97256279 0.02906576 0.00000000
57421.18787054 11.97949505 0.02907334 0.00000000
57421.18929519 11.93073177 0.02926506 0.00000000
57421.19071985 11.94188213 0.03107685 0.00000000
57421.19214450 11.98528290 0.02967317 0.00000000
57421.19356916 12.04823017 0.03093090 0.00000000
57421.19499382 12.03566551 0.03094841 0.00000000
57421.19641848 12.08131790 0.03128504 0.00000000
57421.19784313 11.99119282 0.02911821 0.00000000
57421.19926779 12.01161385 0.03035914 0.00000000
57421.20069245 12.08662987 0.03190617 0.00000000
57421.20211710 12.02678299 0.03010936 0.00000000
57421.20354176 11.90499687 0.02781797 0.00000000
57421.20496642 12.00173664 0.03032058 0.00000000
57421.20639107 12.00076199 0.02951343 0.00000000
57421.20781573 12.02559853 0.02961062 0.00000000
57421.20924039 12.02079773 0.03027239 0.00000000
57421.21066505 12.01732731 0.03059254 0.00000000
57421.21208970 12.05922031 0.03121445 0.00000000
57421.21351436 12.06099606 0.03198986 0.00000000
57421.21493901 12.11269283 0.03330405 0.00000000
57421.21636367 12.13484669 0.04173601 0.00000000
57421.21778833 12.09459782 0.03224843 0.00000000
57421.21921299 12.04035187 0.03184010 0.00000000
57421.22063764 12.08568954 0.03195005 0.00000000
57421.22206229 12.17309284 0.03422723 0.00000000
57421.22348696 12.18383217 0.03466161 0.00000000
57421.22491161 12.27740002 0.04008489 0.00000000
57421.22633627 12.18320084 0.03420121 0.00000000
57421.22776093 12.25136375 0.03686178 0.00000000
57421.22918558 12.14604664 0.03622267 0.00000000
57421.23061023 12.15260029 0.03658171 0.00000000
57421.23203490 12.22832298 0.03773539 0.00000000
57421.23345955 12.30701923 0.04026559 0.00000000
57421.23488421 12.30612087 0.04199927 0.00000000
57421.23630886 12.27058411 0.04114503 0.00000000
57421.23773352 12.39004230 0.04375597 0.00000000
57421.23915819 12.47969723 0.07409351 0.00000000
57421.24058284 12.47322845 0.08274147 0.00000000
57421.24200750 12.43017769 0.04004218 0.00000000
57421.24343215 12.45636654 0.04051921 0.00000000
57421.24485681 12.39066887 0.03804239 0.00000000
57421.24628147 12.41936779 0.03864852 0.00000000
57421.24770613 12.48146534 0.04046405 0.00000000
57421.24913078 12.51106644 0.04382157 0.00000000
57421.25055544 12.37750721 0.03890842 0.00000000
57421.25198010 12.43998909 0.04109640 0.00000000
57421.25340475 12.50715923 0.04461158 0.00000000
57421.25482941 12.43297863 0.04012716 0.00000000
57421.25625407 12.43438244 0.04236980 0.00000000
57421.25767872 12.50490570 0.04249752 0.00000000
57421.25910337 12.40877724 0.04128209 0.00000000
57421.26052804 12.45637989 0.04218834 0.00000000
57421.26195269 12.47154808 0.04139423 0.00000000
57421.26337734 12.37231636 0.03869925 0.00000000
57421.26480199 12.43214798 0.04111228 0.00000000
57421.26622665 12.44624996 0.04572443 0.00000000
57421.27119464 12.31917000 0.03514361 0.00000000
57421.27261929 12.42421341 0.03834772 0.00000000
57421.27404394 12.19453430 0.03119426 0.00000000
57421.27546859 12.38314819 0.03652905 0.00000000
57421.27689324 12.27871799 0.03439486 0.00000000
57421.27831789 12.17160988 0.03116552 0.00000000
57421.27974254 12.12530994 0.02984526 0.00000000
57421.28116719 12.16003036 0.02920296 0.00000000
57421.28259184 12.12497044 0.03091493 0.00000000
57421.28401649 12.12725067 0.03002696 0.00000000
57421.28544114 12.10954189 0.02930340 0.00000000
57421.28686579 12.12019539 0.02854672 0.00000000
57421.28829044 12.13000011 0.02888342 0.00000000
57421.28971509 12.15103722 0.03015342 0.00000000
57421.29113977 12.10501003 0.02904764 0.00000000
57421.29256439 12.02009869 0.02685006 0.00000000
57421.29398904 12.09765816 0.02868186 0.00000000
57421.29541369 12.05132675 0.02752584 0.00000000
57421.29683834 12.04812431 0.02828133 0.00000000
57421.29826300 12.14051151 0.02912444 0.00000000
57421.29968765 12.09408379 0.02771596 0.00000000
57421.30111230 12.11033440 0.02947675 0.00000000
57421.30253695 11.94697952 0.03211823 0.00000000
57421.30396160 11.97300243 0.02732450 0.00000000
57421.30538625 12.04039669 0.02719957 0.00000000
57421.30681090 12.00834274 0.02732929 0.00000000
57421.30823555 11.89830112 0.02541061 0.00000000
57421.30966020 12.00532722 0.02605037 0.00000000
57421.31108485 11.98272133 0.02663300 0.00000000
57421.31250950 11.98913860 0.02743327 0.00000000
57421.31393416 12.03736782 0.02994921 0.00000000
57421.31535881 12.03869057 0.02774255 0.00000000
57421.31678346 11.99448299 0.02644882 0.00000000
57422.16920478 12.21664333 0.04084566 0.00000000
57422.17063074 12.23823071 0.04090359 0.00000000
57422.17205746 12.16698742 0.03935785 0.00000000
57422.17348504 12.31277657 0.04544563 0.00000000
57422.17491369 12.31393242 0.04399091 0.00000000
57422.17634267 12.29141903 0.04206536 0.00000000
57422.17777205 12.19439697 0.03867214 0.00000000
57422.17920258 12.30082893 0.04389505 0.00000000
57422.18063382 12.42190266 0.06852376 0.00000000
57422.22476084 12.12885761 0.07488588 0.00000000
57422.22618549 12.17200756 0.04248209 0.00000000
57422.22761014 12.13103962 0.04141358 0.00000000
57422.22903479 12.09377575 0.03991572 0.00000000
57422.23045944 11.98841953 0.03665711 0.00000000
57422.23188410 12.11970901 0.04101102 0.00000000
57422.23330875 12.12533379 0.04024036 0.00000000
57422.23473339 12.02568817 0.03664150 0.00000000
57422.23615804 12.08143330 0.03924169 0.00000000
57422.23758270 12.06404495 0.03854318 0.00000000
57422.23900734 11.98916721 0.03681894 0.00000000
57422.24185665 12.02406788 0.03826570 0.00000000
57422.24328130 12.02829552 0.03868224 0.00000000
57422.24470595 12.01869583 0.03907678 0.00000000
57422.24613060 11.95275879 0.03581808 0.00000000
57422.24755525 12.00067902 0.03790310 0.00000000
57422.24897990 12.00693417 0.03874195 0.00000000
57422.25040456 12.01888084 0.03786232 0.00000000
57422.25182920 12.02546024 0.03833643 0.00000000
57422.25325386 11.98435116 0.03842340 0.00000000
57422.25467851 12.03194714 0.03828461 0.00000000
57422.25610316 12.05712509 0.03892711 0.00000000
57422.25752781 12.07017422 0.04092457 0.00000000
57422.25895246 12.02092838 0.03854918 0.00000000
57422.26180176 12.00866795 0.03952894 0.00000000
57422.26322641 11.97255898 0.03718498 0.00000000
57422.26465106 11.96355152 0.03790340 0.00000000
57422.26607570 11.90152168 0.03511060 0.00000000
57422.26750036 12.05739021 0.04103445 0.00000000
57422.26892501 11.98621082 0.03959417 0.00000000
57422.27034966 12.00470734 0.04085851 0.00000000
57422.27177431 11.92977238 0.03624342 0.00000000
57422.27319896 12.07109928 0.04256126 0.00000000
57422.27462361 11.99010944 0.03831647 0.00000000
57422.27604826 12.06717491 0.04104041 0.00000000
57422.27747291 11.90921211 0.03715089 0.00000000
57422.27889762 11.89145660 0.03647665 0.00000000
57422.28032222 12.02282047 0.04063901 0.00000000
57422.28174686 12.03366566 0.04167443 0.00000000
57422.28317151 12.02907562 0.04166301 0.00000000
57422.28459616 12.08133411 0.04233070 0.00000000
57422.28602082 12.07805443 0.04356353 0.00000000
57422.28744546 11.93754101 0.03824983 0.00000000
57422.28887012 11.99699306 0.03995417 0.00000000
57422.29029476 12.01225662 0.04108160 0.00000000
57422.38351326 11.93524170 0.08439254 0.00000000
57422.38503911 11.96326256 0.09992982 0.00000000
57424.15570347 11.93192577 0.03317788 0.00000000
57424.15714148 12.04909992 0.03747249 0.00000000
57424.15857875 12.07474041 0.03677094 0.00000000
57424.16001563 12.01590729 0.03593738 0.00000000
57424.16145360 11.99729443 0.03418462 0.00000000
57424.16289430 11.92887497 0.03435026 0.00000000
57424.16433739 11.99067020 0.03427481 0.00000000
57424.16578132 12.02313709 0.03502288 0.00000000
57424.16722433 11.99830341 0.03296731 0.00000000
57424.16866770 12.03717995 0.03537802 0.00000000
57424.17010992 12.06488228 0.03558445 0.00000000
57424.17154989 11.99515820 0.03334659 0.00000000
57424.17298839 12.04347610 0.03541759 0.00000000
57424.17442480 11.96096134 0.03168063 0.00000000
57424.17585884 12.06067371 0.03589030 0.00000000
57424.17729003 12.06797791 0.03499209 0.00000000
57424.17872076 12.05877304 0.03453372 0.00000000
57424.18015120 12.19046116 0.03944223 0.00000000
57424.18158108 12.02188015 0.03400121 0.00000000
57424.18301049 12.11532974 0.03682980 0.00000000
57424.18443954 12.09649849 0.03559374 0.00000000
57424.18586812 12.15512276 0.03804911 0.00000000
57424.18729617 12.11817837 0.03638639 0.00000000
57424.18872372 12.19457722 0.03884023 0.00000000
57424.19015100 12.21513653 0.03912074 0.00000000
57424.19157779 12.26931286 0.04186840 0.00000000
57424.19300404 12.20600700 0.03968034 0.00000000
57424.19442976 12.17403126 0.03865002 0.00000000
57424.19585476 12.30165291 0.04232353 0.00000000
57424.19727921 12.21023655 0.04046091 0.00000000
57424.19870386 12.26907253 0.04008614 0.00000000
57424.20012852 12.21299744 0.04006621 0.00000000
57424.20155318 12.37828445 0.05310152 0.00000000
57424.20297783 12.34972382 0.04543845 0.00000000
57424.20440249 12.39287853 0.05058066 0.00000000
57424.20582715 12.48881435 0.06329933 0.00000000
57424.20725180 12.32989502 0.09893975 0.00000000
57424.20867645 12.49158859 0.06048345 0.00000000
57424.21010111 12.53070354 0.05630588 0.00000000
57424.21152577 12.44143391 0.04735943 0.00000000
57424.21295042 12.46664810 0.04730729 0.00000000
57424.21437508 12.49033833 0.04801747 0.00000000
57424.21579973 12.27473259 0.04074013 0.00000000
57424.21722439 12.39686966 0.04448641 0.00000000
57424.21864904 12.40340710 0.04413038 0.00000000
57424.22007370 12.54343605 0.05059752 0.00000000
57424.22149836 12.31744576 0.04273002 0.00000000
57424.22292302 12.48022270 0.04868122 0.00000000
57424.22434767 12.35666370 0.04351882 0.00000000
57424.22577232 12.40885639 0.04367886 0.00000000
57424.22719698 12.35731030 0.04430555 0.00000000
57424.22862164 12.42271900 0.04562993 0.00000000
57424.23004628 12.28012180 0.04003241 0.00000000
57424.23147095 12.29342365 0.04093954 0.00000000
57424.23289560 12.31449509 0.04137169 0.00000000
57424.23432026 12.23486900 0.03829340 0.00000000
57424.23574492 12.24240208 0.03751691 0.00000000
57424.24056791 12.19082737 0.02982045 0.00000000
57424.24201829 12.17323780 0.03045843 0.00000000
57424.24347077 12.29291725 0.03252941 0.00000000
57424.24492389 12.19633579 0.03018425 0.00000000
57424.24637656 12.13322163 0.02790189 0.00000000
57424.24782823 12.18353653 0.02899518 0.00000000
57424.24927857 12.21632481 0.02974954 0.00000000
57424.25072633 12.11676979 0.02729781 0.00000000
57424.25217150 12.06163025 0.02585195 0.00000000
57424.25361239 12.14141941 0.02775906 0.00000000
57424.25505176 12.11962700 0.02613524 0.00000000
57424.25649133 12.07662296 0.02609574 0.00000000
57424.25793121 12.06967735 0.02562157 0.00000000
57424.25937119 12.04101372 0.02532550 0.00000000
57424.26081137 12.12773132 0.02754558 0.00000000
57424.26225134 12.06632900 0.02611456 0.00000000
57424.26369088 12.10818577 0.02611517 0.00000000
57424.26513011 12.08684826 0.02553116 0.00000000
57424.26656947 12.01858330 0.02467131 0.00000000
57424.26800882 12.03320599 0.02492816 0.00000000
57424.26944831 11.99616337 0.02464405 0.00000000
57424.27088759 12.14685249 0.02721744 0.00000000
57424.27232691 12.08226490 0.02641211 0.00000000
57424.27376628 11.96791267 0.02395149 0.00000000
57424.27520554 11.96527576 0.02432403 0.00000000
57424.27664464 12.06597900 0.02551488 0.00000000
57424.27808386 12.03411484 0.02517589 0.00000000
57424.27952306 11.97835827 0.02494292 0.00000000
57424.28096217 12.02640533 0.02505913 0.00000000
57424.28240126 11.97458839 0.02519689 0.00000000
57424.28384041 12.00598240 0.02577468 0.00000000
57424.28527955 11.92347908 0.02265558 0.00000000
57424.28671872 11.94555569 0.03956712 0.00000000
57424.28815794 11.94386959 0.02350331 0.00000000
57424.28959714 11.98114014 0.02418930 0.00000000
57424.29103640 12.00850487 0.02580745 0.00000000
57424.29247564 11.95441246 0.03625229 0.00000000
57424.29391484 11.99451065 0.03360389 0.00000000
57424.29535404 11.98836994 0.02464294 0.00000000
57424.29679323 12.02077770 0.02450261 0.00000000
57424.29823252 12.05866337 0.02508759 0.00000000
57424.29967162 12.10513878 0.02592583 0.00000000
57424.30111087 11.96918678 0.02294498 0.00000000
57424.30255000 12.08481407 0.02497972 0.00000000
57424.30398920 12.01519108 0.02379159 0.00000000
57424.30542834 12.17832851 0.02773460 0.00000000
57424.30686750 12.00833416 0.02473869 0.00000000
57424.30830668 12.09681892 0.02680740 0.00000000
57424.30974599 12.12351704 0.02595693 0.00000000
57424.31118524 12.05722618 0.02606514 0.00000000
57424.31262467 12.07452393 0.02637258 0.00000000
57424.31406388 12.17625141 0.02804009 0.00000000
57424.31550323 12.13392067 0.02774203 0.00000000
57424.31694252 12.25066853 0.02830963 0.00000000
57424.31838187 12.14700413 0.02781859 0.00000000
57424.31982110 12.09090614 0.02746014 0.00000000
57424.32126030 12.19929409 0.02886831 0.00000000
57424.32688586 12.12530136 0.04327545 0.00000000
57424.32844954 12.29189110 0.04857356 0.00000000
57424.33000908 12.22370911 0.04785423 0.00000000
57424.33156778 12.44494820 0.05644649 0.00000000
57424.33312030 12.36815548 0.05340453 0.00000000
57424.33467464 12.32672691 0.05384418 0.00000000
57424.33623141 12.39996910 0.05516009 0.00000000
57424.33778769 12.51581955 0.06454723 0.00000000
57424.33934489 12.34007931 0.05440746 0.00000000
57424.34090110 12.43035984 0.05944244 0.00000000
57424.34245526 12.62917423 0.07168414 0.00000000
57424.34400965 12.51575661 0.06148962 0.00000000
57424.34556012 12.50359917 0.06173576 0.00000000
57424.34711079 12.54013348 0.06561019 0.00000000
57424.34866324 12.49557972 0.06258576 0.00000000
57424.35021609 12.60976410 0.07056283 0.00000000
57424.35176664 12.54491234 0.06437392 0.00000000
57424.35331498 12.59603214 0.06855319 0.00000000
57424.35486142 12.61310387 0.06818369 0.00000000
57424.35640980 12.50788784 0.06420853 0.00000000
57424.35795837 12.51647949 0.06366554 0.00000000
57424.35950480 12.47300816 0.06007745 0.00000000
57424.36105612 12.53849030 0.06484690 0.00000000
57424.36261013 12.45764256 0.06100925 0.00000000
57424.36416099 12.49621487 0.06509826 0.00000000
57424.36571191 12.47791862 0.06312872 0.00000000
57424.36726133 12.34658241 0.05626165 0.00000000
57424.36881194 12.34027386 0.05521756 0.00000000
57424.37036223 12.33154583 0.05420124 0.00000000
57424.37190984 12.24916744 0.10991082 0.00000000
57424.37345763 12.34428310 0.05733002 0.00000000
57424.37501162 12.21191692 0.05236482 0.00000000
57424.37813733 12.20226383 0.06865611 0.00000000
57424.37970111 12.01076317 0.05583330 0.00000000
57424.38126286 12.27340221 0.07743295 0.00000000
57424.38282251 12.02130032 0.07053389 0.00000000
57424.38438283 12.25142670 0.09950091 0.00000000
57424.38594592 12.00744629 0.09133861 0.00000000
57424.38750895 11.99717712 0.11663591 0.00000000
57425.19489868 12.17729855 0.06395826 0.00000000
57425.19633458 12.12097836 0.03864142 0.00000000
57425.19777044 12.09747314 0.03838980 0.00000000
57425.19920614 12.02058506 0.03645925 0.00000000
57425.20064195 12.13721848 0.04016842 0.00000000
57425.20207758 11.97445774 0.03431474 0.00000000
57425.20490749 11.95534611 0.03341376 0.00000000
57425.20634715 12.04176235 0.03673004 0.00000000
57425.20778669 11.91706276 0.03125690 0.00000000
57425.20922614 11.99464417 0.03395104 0.00000000
57425.21066570 12.03704262 0.03859051 0.00000000
57425.21210523 11.93241119 0.03117225 0.00000000
57425.21354446 12.04689217 0.03510541 0.00000000
57425.21498389 12.01453876 0.03354115 0.00000000
57425.21642307 11.98780441 0.03194430 0.00000000
57425.21786240 11.98939991 0.03089049 0.00000000
57425.21930171 11.91592216 0.03003779 0.00000000
57425.22218069 11.89861584 0.02994130 0.00000000
57425.22362028 11.89766693 0.03051956 0.00000000
57425.22505971 11.92391491 0.02974968 0.00000000
57425.22649902 11.91329002 0.03047348 0.00000000
57425.22793844 11.90291119 0.02935959 0.00000000
57425.22937788 11.99097538 0.03253158 0.00000000
57425.23081740 11.89693546 0.02999191 0.00000000
57425.23225707 11.95503616 0.03020853 0.00000000
57425.23369675 11.97369099 0.03227244 0.00000000
57425.23513629 11.95927048 0.03120006 0.00000000
57425.23657604 11.88466454 0.02989228 0.00000000
57425.23801562 11.94096756 0.03111354 0.00000000
57425.23945517 11.94293690 0.03108002 0.00000000
57425.24089444 11.86749554 0.06729121 0.00000000
57425.24233370 11.97133923 0.02754988 0.00000000
57425.24377283 12.03529167 0.02958144 0.00000000
57425.24521208 12.04763985 0.05345877 0.00000000
57425.24665135 11.99934006 0.02552280 0.00000000
57425.24809104 12.03533840 0.02565537 0.00000000
57425.24952980 12.01721859 0.02534560 0.00000000
57425.25096851 12.03139114 0.02626736 0.00000000
57425.25240729 12.02924252 0.02669170 0.00000000
57425.25384619 12.03755283 0.02631178 0.00000000
57425.25528534 12.05452633 0.02602706 0.00000000
57425.25672461 12.04087639 0.03757838 0.00000000
57425.25816372 12.15041161 0.03344688 0.00000000
57425.25960289 12.10348129 0.03231906 0.00000000
57425.26104207 12.01548576 0.02948985 0.00000000
57425.26248139 12.12117958 0.03276938 0.00000000
57425.26392047 12.19994354 0.03522299 0.00000000
57425.26535954 12.08033848 0.03205914 0.00000000
57425.26679865 12.15475273 0.03480580 0.00000000
57425.26823717 12.19204140 0.03479696 0.00000000
57425.26967647 12.20715809 0.03598442 0.00000000
57425.27111535 12.27663898 0.03879981 0.00000000
57425.27255460 12.12030315 0.03274045 0.00000000
57425.27399387 12.20227814 0.03642565 0.00000000
57425.27543323 12.34128571 0.03964025 0.00000000
57425.27687266 12.18087578 0.03420237 0.00000000
57425.27831215 12.22356415 0.03684298 0.00000000
57425.27975145 12.31903934 0.03929443 0.00000000
57425.28119066 12.30726242 0.03840042 0.00000000
57425.28262987 12.42021561 0.04214714 0.00000000
57425.28406907 12.38181114 0.04231089 0.00000000
57425.28550835 12.40101528 0.04213769 0.00000000
57425.28694751 12.38957691 0.04151384 0.00000000
57425.28838673 12.44148064 0.04414406 0.00000000
57425.28982603 12.49573612 0.04600903 0.00000000
57425.29126536 12.57781315 0.05028413 0.00000000
57425.29270461 12.46535206 0.04483417 0.00000000
57425.29414404 12.53074646 0.04796269 0.00000000
57425.29558335 12.39189816 0.04183002 0.00000000
57425.29702276 12.34264565 0.03981207 0.00000000
57425.29846222 12.39880657 0.04194191 0.00000000
57425.29990145 12.40012550 0.04304685 0.00000000
57425.30134066 12.42912865 0.04253780 0.00000000
57425.30277993 12.36335087 0.04110277 0.00000000
57425.30421926 12.36845303 0.04510741 0.00000000
57425.30565858 12.31593227 0.03846718 0.00000000
57425.30709799 12.34282017 0.03881764 0.00000000
57425.30853847 12.27216434 0.04698926 0.00000000
57425.31142593 12.20673370 0.04075906 0.00000000
57425.31287749 12.28747749 0.03882429 0.00000000
57425.31433076 12.25091267 0.03752419 0.00000000
57425.31578402 12.21161652 0.03566724 0.00000000
57425.31723693 12.12481594 0.03260364 0.00000000
57425.31868901 12.17529774 0.03354011 0.00000000
57425.32013950 12.14221954 0.03315625 0.00000000
57425.32158745 12.16092300 0.03391815 0.00000000
57425.32303169 12.21163273 0.03598697 0.00000000
57425.32447116 12.07539940 0.03211861 0.00000000
57425.32591062 12.13254833 0.03384117 0.00000000
57425.32734986 11.98654652 0.02950483 0.00000000
57425.32878900 12.12948418 0.03363116 0.00000000
57425.33022847 12.05221272 0.03124614 0.00000000
57425.33166778 12.06699753 0.03003543 0.00000000
57425.34616183 11.95323944 0.03039809 0.00000000
57425.34768925 11.88384628 0.02803908 0.00000000
57425.34923096 11.93710899 0.02830434 0.00000000
57425.35078356 11.95351219 0.02899610 0.00000000
57425.35233762 11.90622139 0.02784516 0.00000000
57425.35389144 11.94733906 0.03007887 0.00000000
57425.35544474 11.98668766 0.03043233 0.00000000
57425.35699395 11.91665268 0.02841206 0.00000000
57425.35854281 11.89114285 0.02833265 0.00000000
57425.36009649 11.96123791 0.03045868 0.00000000
57425.36164950 11.89126015 0.02858018 0.00000000
57425.36320193 11.90529919 0.02842281 0.00000000
57425.36475815 11.90884018 0.02845819 0.00000000
57425.36631240 11.85937119 0.02703396 0.00000000
57425.36786836 11.82926178 0.02634521 0.00000000
57425.36942361 11.94242668 0.02903638 0.00000000
57425.37097733 11.86251450 0.02843449 0.00000000
57425.37253110 11.86863136 0.02878545 0.00000000
57425.37408002 11.88128281 0.02965462 0.00000000
57425.37562807 11.89159584 0.03099045 0.00000000
57425.37717658 11.95210743 0.03384017 0.00000000
57425.37872302 11.94676971 0.03570306 0.00000000
57425.38026137 11.90498257 0.03706665 0.00000000
57425.38178594 12.03601074 0.04421509 0.00000000
57425.38327834 11.99684048 0.04866480 0.00000000
57425.38476338 12.05242348 0.05946956 0.00000000
57425.38624683 12.18453312 0.07576162 0.00000000
57425.38773116 12.05038834 0.07941509 0.00000000
57426.21316778 12.20256233 0.04349134 0.00000000
57426.21459221 12.32536507 0.04891272 0.00000000
57426.21601686 12.27180862 0.04523801 0.00000000
57426.21744151 12.22739697 0.04564180 0.00000000
57426.21886616 12.26482010 0.04544086 0.00000000
57426.22029082 12.45733452 0.05271820 0.00000000
57426.22171547 12.33353519 0.04807738 0.00000000
57426.22314011 12.45141220 0.05299109 0.00000000
57426.22456477 12.40505123 0.05143012 0.00000000
57426.22598942 12.47572422 0.05555212 0.00000000
57426.22741407 12.43304348 0.05307439 0.00000000
57426.22883872 12.50640774 0.05646100 0.00000000
57426.23026337 12.52682018 0.05865239 0.00000000
57426.23168802 12.53170395 0.05910308 0.00000000
57426.23311267 12.50861263 0.05441077 0.00000000
57426.23453732 12.59490299 0.06111329 0.00000000
57426.23596197 12.57993031 0.05916474 0.00000000
57426.23738662 12.63943195 0.06170785 0.00000000
57426.23881127 12.58498096 0.06073108 0.00000000
57426.24023592 12.52044582 0.05641416 0.00000000
57426.24166057 12.61828518 0.05970781 0.00000000
57426.24308523 12.53263855 0.05826993 0.00000000
57426.24450988 12.38783741 0.04982276 0.00000000
57426.24593452 12.43698692 0.05061191 0.00000000
57426.24735918 12.60684872 0.05977727 0.00000000
57426.24878382 12.48777962 0.05449034 0.00000000
57426.25020847 12.32098293 0.04572422 0.00000000
57426.25163313 12.34450912 0.04882424 0.00000000
57426.25305778 12.33678627 0.04751947 0.00000000
57426.25448243 12.39735031 0.04937887 0.00000000
57426.25590708 12.25304413 0.04510860 0.00000000
57426.25733173 12.26101398 0.04598482 0.00000000
57426.25875638 12.30814266 0.04490720 0.00000000
57426.26018103 12.20581341 0.04238676 0.00000000
57426.26160568 12.21496868 0.04025868 0.00000000
57426.26303033 12.24292660 0.04401031 0.00000000
57426.26445498 12.21954441 0.04398855 0.00000000
57426.26587963 12.18563080 0.06064376 0.00000000
57426.26730428 12.19042683 0.04188183 0.00000000
57426.26872893 12.14457035 0.04016607 0.00000000
57426.27015357 12.09237289 0.03742177 0.00000000
57426.27157823 12.10576439 0.03846046 0.00000000
57426.27300287 12.10493946 0.03859835 0.00000000
57426.27442752 12.02923679 0.03693000 0.00000000
57426.27585217 12.13171196 0.03844709 0.00000000
57426.27727682 12.16920662 0.04148642 0.00000000
57426.27870147 12.13294220 0.03903682 0.00000000
57426.28012612 12.04185200 0.03652645 0.00000000
57426.28155077 12.03481293 0.03548487 0.00000000
57426.28297542 11.96409702 0.03437498 0.00000000
57426.28440007 11.87598228 0.03149611 0.00000000
57426.28582472 11.97878456 0.03494274 0.00000000
57426.28724937 12.03623581 0.03754178 0.00000000
57426.28867402 11.92502213 0.03223898 0.00000000
57426.29009867 12.05966282 0.03662882 0.00000000
57426.29152332 12.01510811 0.03429569 0.00000000
57426.29294797 11.91723537 0.03190494 0.00000000
57426.38256608 12.28288174 0.08058973 0.00000000
57426.38412404 12.33629894 0.09675791 0.00000000
57426.38568002 12.20625877 0.09528841 0.00000000
57426.38723333 12.18406487 0.10041937 0.00000000
57426.38877421 12.16411114 0.11963123 0.00000000
57427.18691494 12.41016388 0.04828313 0.00000000
57427.18833959 12.44844913 0.04843928 0.00000000
57427.18976432 12.37775135 0.04525990 0.00000000
57427.19118915 12.35945511 0.04546548 0.00000000
57427.19261376 12.34649181 0.04298431 0.00000000
57427.19403829 12.32376385 0.04442802 0.00000000
57427.19546319 12.33486748 0.06438667 0.00000000
57427.19688772 12.22678280 0.03333106 0.00000000
57427.19832024 12.23248863 0.03397523 0.00000000
57427.19974535 12.26131344 0.03448027 0.00000000
57427.20117533 12.21956158 0.03258345 0.00000000
57427.20259981 12.21908760 0.03222683 0.00000000
57427.20402443 12.14919567 0.03052910 0.00000000
57427.20544908 12.10782623 0.02934385 0.00000000
57427.20687684 12.08341408 0.02856231 0.00000000
57427.20830128 12.08128071 0.02821717 0.00000000
57427.20972922 12.07445812 0.02886797 0.00000000
57427.21115387 12.11605549 0.02815227 0.00000000
57427.21258406 12.08495903 0.02830735 0.00000000
57427.21400855 12.13220310 0.02937938 0.00000000
57427.21543316 11.98623371 0.02632467 0.00000000
57427.21685868 12.06540203 0.02738005 0.00000000
57427.21828315 12.05904675 0.02647788 0.00000000
57427.21970778 12.00048923 0.02603169 0.00000000
57427.22255708 12.02821636 0.02705874 0.00000000
57427.22398757 12.08849812 0.03525233 0.00000000
57427.22541277 11.98042202 0.04528622 0.00000000
57427.22683965 11.98674583 0.02613728 0.00000000
57427.22826411 11.99258804 0.02426634 0.00000000
57427.22968877 12.03194332 0.02489556 0.00000000
57427.23111340 11.98318672 0.02454880 0.00000000
57427.23254915 11.87589073 0.02232269 0.00000000
57427.23397365 12.01022339 0.02469977 0.00000000
57427.23539825 11.96010876 0.02448242 0.00000000
57427.23682289 12.01722431 0.02566770 0.00000000
57427.23824754 11.96400738 0.02423336 0.00000000
57427.23967220 12.05037594 0.02543606 0.00000000
57427.24109684 11.92331219 0.02352365 0.00000000
57427.24253049 11.90717506 0.02345170 0.00000000
57427.24395494 11.97278404 0.02348498 0.00000000
57427.24537958 11.96330738 0.02337177 0.00000000
57427.24680424 11.99538517 0.02419629 0.00000000
57427.24823118 12.00307655 0.02474076 0.00000000
57427.24965562 11.88530159 0.02248403 0.00000000
57427.25108028 11.96068859 0.02275094 0.00000000
57427.25250493 12.06469440 0.02431881 0.00000000
57427.25392958 11.90852356 0.02253606 0.00000000
57427.25535424 12.03411579 0.02450531 0.00000000
57427.25814939 12.04402447 0.05344804 0.00000000
57427.25957405 11.91211796 0.03218230 0.00000000
57427.26099868 11.99287033 0.03557299 0.00000000
57427.26242333 12.07407188 0.03674324 0.00000000
57427.26384798 11.96374798 0.03393564 0.00000000
57427.26527263 12.07373714 0.03732173 0.00000000
57427.26669728 11.96768379 0.03454160 0.00000000
57427.26812192 11.93520164 0.03240983 0.00000000
57427.26954657 12.02797318 0.03617239 0.00000000
57427.27097121 11.99337673 0.03445967 0.00000000
57427.27239593 11.99244308 0.03430818 0.00000000
57427.27382051 12.02624416 0.03599252 0.00000000
57427.27524519 11.97219563 0.03429421 0.00000000
57427.27666981 12.04778004 0.03715099 0.00000000
57427.27809445 12.07203960 0.03781702 0.00000000
57427.27951910 12.11175346 0.03855145 0.00000000
57427.28094375 12.20136547 0.04134294 0.00000000
57427.28236842 12.15979004 0.03959522 0.00000000
57427.28379306 12.16013432 0.04059327 0.00000000
57427.28521770 12.09520531 0.03805446 0.00000000
57427.28664234 12.14505768 0.03982414 0.00000000
57427.28806699 12.13061428 0.03824466 0.00000000
57427.28949164 12.23722839 0.04307117 0.00000000
57427.29091629 12.17914867 0.04146739 0.00000000
57427.29234094 12.18041515 0.03986676 0.00000000
57427.29376559 12.35425091 0.04798521 0.00000000
57427.29519024 12.32657814 0.04605998 0.00000000
57427.29661488 12.37442303 0.04836815 0.00000000
57427.29803954 12.32470131 0.04381748 0.00000000
57427.29946419 12.38528919 0.04882203 0.00000000
57427.30088883 12.47401810 0.05326153 0.00000000
57427.30231348 12.49609852 0.05254475 0.00000000
57427.30373813 12.42313862 0.05129243 0.00000000
57427.30516278 12.45810890 0.05806080 0.00000000
57427.30658742 12.44306755 0.04989702 0.00000000
57427.30801208 12.49160385 0.05392287 0.00000000
57427.30943679 12.53811741 0.05524990 0.00000000
57427.31086138 12.60096169 0.11907204 0.00000000
57427.31228603 12.66246510 0.07025802 0.00000000
57427.31371068 12.63985825 0.06276734 0.00000000
57427.31513533 12.51062202 0.05652634 0.00000000
57427.31655997 12.63945770 0.05851277 0.00000000
57427.31798462 12.56171322 0.05579273 0.00000000
57427.31940927 12.36186028 0.04512002 0.00000000
57427.32083393 12.52018833 0.05338945 0.00000000
57427.32225866 12.33529758 0.04488590 0.00000000
57427.32368322 12.35891819 0.04567030 0.00000000
57427.32510787 12.46459579 0.04962666 0.00000000
57427.32653253 12.35427952 0.04643900 0.00000000
57427.32795717 12.32937908 0.04331666 0.00000000
57427.32938183 12.31848621 0.04405968 0.00000000
57427.33080652 12.30776691 0.04462228 0.00000000
57427.33223113 12.15447521 0.03755110 0.00000000
57427.33365578 12.17185116 0.03809289 0.00000000
57427.33508043 12.25896835 0.04122711 0.00000000
57427.33650509 12.16393375 0.03778606 0.00000000
57427.33792974 12.26084900 0.04045933 0.00000000
57427.33935439 12.13725281 0.03572085 0.00000000
57427.34389655 12.07562160 0.03226408 0.00000000
57427.37564250 12.00646305 0.04079777 0.00000000
57427.37715379 11.92521477 0.04020579 0.00000000
57427.37866064 11.98148632 0.04329355 0.00000000
57427.38016772 11.99281979 0.04388429 0.00000000
57427.38167458 11.85467815 0.04384248 0.00000000
57427.38318128 11.97550488 0.05391529 0.00000000
57427.38469322 11.88796902 0.05417959 0.00000000
57427.38620425 11.80996227 0.05542928 0.00000000
57427.38771649 11.99392891 0.08112725 0.00000000
57427.38922815 11.88679218 0.08110110 0.00000000
57429.25561124 12.03054714 0.02314256 0.00000000
57429.25706411 11.95003605 0.02342713 0.00000000
57429.25851635 12.00686169 0.02282617 0.00000000
57429.25996727 12.09159470 0.02339556 0.00000000
57429.26141658 12.01068020 0.02269425 0.00000000
57429.26286325 12.10030746 0.02450414 0.00000000
57429.26430542 12.06045532 0.02445072 0.00000000
57429.26574465 12.00362206 0.02276756 0.00000000
57429.26718357 12.02043819 0.02255065 0.00000000
57429.26862249 12.07416821 0.02356867 0.00000000
57429.27006175 12.03391933 0.02365014 0.00000000
57429.27150097 12.13608265 0.02499873 0.00000000
57429.27294005 11.97443199 0.02213227 0.00000000
57429.27437973 11.99576378 0.02274600 0.00000000
57429.27581893 12.13141727 0.02375943 0.00000000
57429.27725805 12.17276287 0.03291349 0.00000000
57429.27869716 12.08555698 0.02385937 0.00000000
57429.28013634 12.08513737 0.02484971 0.00000000
57429.28157583 12.06504059 0.02477135 0.00000000
57429.28301523 12.06575680 0.02440978 0.00000000
57429.28445441 12.08848286 0.03465395 0.00000000
57429.28589373 12.04511356 0.02558033 0.00000000
57429.28733287 12.20251751 0.02755205 0.00000000
57429.28877211 12.07625389 0.02704979 0.00000000
57429.29021138 12.16326237 0.02954987 0.00000000
57429.29165068 12.09981728 0.02669733 0.00000000
57429.29308999 12.15079403 0.02871320 0.00000000
57429.29452917 12.09109402 0.02697606 0.00000000
57429.29596844 12.22128487 0.02803625 0.00000000
57429.29740755 12.14080524 0.02663914 0.00000000
57429.29884668 12.11688995 0.02768463 0.00000000
57429.30028579 12.17358971 0.02778549 0.00000000
57429.30172494 12.11522484 0.02764365 0.00000000
57429.30316384 12.20209599 0.02926138 0.00000000
57429.30460268 12.26467323 0.03478696 0.00000000
57429.30604160 12.27026081 0.03934523 0.00000000
57429.30748047 12.18993187 0.03409455 0.00000000
57429.30891946 12.23065472 0.03622545 0.00000000
57429.31035844 12.20675564 0.03489893 0.00000000
57429.31179756 12.35211945 0.03633780 0.00000000
57429.31607122 12.25416470 0.05198190 0.00000000
57429.31758368 12.35273361 0.04909752 0.00000000
57429.31909842 12.44022846 0.05912905 0.00000000
57429.32062633 12.28540516 0.04889319 0.00000000
57429.32215596 12.37514877 0.05130418 0.00000000
57429.32368831 12.31867599 0.05028612 0.00000000
57429.32521949 12.38386917 0.05137531 0.00000000
57429.32674137 12.42231083 0.05338961 0.00000000
57429.32827053 12.38834572 0.05218586 0.00000000
57429.32979760 12.37944698 0.04985465 0.00000000
57429.33132312 12.42327023 0.05273511 0.00000000
57429.33284932 12.33509350 0.04838681 0.00000000
57429.33436781 12.34298801 0.04975199 0.00000000
57429.33588959 12.38209438 0.05118667 0.00000000
57429.33740834 12.34809589 0.05072622 0.00000000
57429.33892373 12.39882183 0.05203674 0.00000000
57429.34044398 12.35305405 0.05147621 0.00000000
57429.34196460 12.25207520 0.04813818 0.00000000
57429.34348171 12.37077999 0.05387042 0.00000000
57429.34500102 12.30788422 0.04887298 0.00000000
57429.34652010 12.29616737 0.04693491 0.00000000
57429.34803897 12.24047089 0.04433610 0.00000000
57429.34955555 12.23127747 0.04761752 0.00000000
57429.35107106 12.26701736 0.05625531 0.00000000
57429.35258410 12.28289986 0.04943345 0.00000000
57429.35410128 12.25025940 0.04951544 0.00000000
57429.35561847 12.11807919 0.04209635 0.00000000
57429.35713576 12.32993507 0.05051941 0.00000000
57429.35865359 12.15423298 0.04077930 0.00000000
57429.36016929 12.16079712 0.04307741 0.00000000
57429.36167955 12.10091019 0.04058830 0.00000000
57429.36318783 12.10657406 0.04263211 0.00000000
57429.36470279 12.08672523 0.04048577 0.00000000
57429.36621965 12.06644535 0.03864145 0.00000000
57429.36773648 12.06818581 0.03915094 0.00000000
57429.36925250 12.03199387 0.05131771 0.00000000
57429.37076633 12.01212692 0.03914327 0.00000000
57429.37227544 11.96690178 0.03561788 0.00000000
57429.37378771 12.00261497 0.03772723 0.00000000
57429.37529935 11.95477200 0.03703966 0.00000000
57429.37680818 11.95720863 0.03765655 0.00000000
57429.37831154 12.02177048 0.04096891 0.00000000
57429.37981049 11.91097641 0.04028461 0.00000000
57429.38129719 11.87945461 0.04074189 0.00000000
57429.38278314 11.85767746 0.04325955 0.00000000
57429.38429709 11.86097908 0.04880468 0.00000000
57429.38582588 11.83905315 0.05346799 0.00000000
57429.38736228 11.91823959 0.06499159 0.00000000
57429.38890337 11.95048141 0.08623145 0.00000000
57429.39044626 12.27502728 0.14215833 0.00000000
57431.22828037 12.41849995 0.04220523 0.00000000
57431.22970503 12.35556316 0.04039623 0.00000000
57431.23112968 12.27372932 0.03650224 0.00000000
57431.23255434 12.27451420 0.03766485 0.00000000
57431.23397899 12.22737408 0.03583851 0.00000000
57431.23540365 12.22777748 0.03558543 0.00000000
57431.23682830 12.30478096 0.03747147 0.00000000
57431.23825296 12.21623898 0.03606692 0.00000000
57431.23967761 12.12120914 0.03276714 0.00000000
57431.24110227 12.19501400 0.03534634 0.00000000
57431.24252692 12.29379845 0.03689130 0.00000000
57431.24395157 12.09637833 0.03253995 0.00000000
57431.24537622 12.14016438 0.03310038 0.00000000
57431.24680088 12.12076855 0.03337104 0.00000000
57431.24822554 12.21568584 0.03413079 0.00000000
57431.24965019 12.08009911 0.03247617 0.00000000
57431.25107484 11.97968769 0.02997326 0.00000000
57431.25249950 12.07843494 0.03181456 0.00000000
57431.25392415 12.19197750 0.03430709 0.00000000
57431.25534880 12.01453876 0.02952098 0.00000000
57431.25677346 12.06684113 0.03098068 0.00000000
57431.25819811 12.03248787 0.03012096 0.00000000
57431.25962276 12.03743649 0.03041581 0.00000000
57431.26104741 12.05290794 0.03040498 0.00000000
57431.26247207 11.98350906 0.03088501 0.00000000
57431.26389672 11.94547749 0.02704470 0.00000000
57431.26532137 12.03127098 0.03069806 0.00000000
57431.26674602 12.00639153 0.02894433 0.00000000
57431.26817067 11.97385693 0.03244016 0.00000000
57431.26959532 12.00555038 0.03565326 0.00000000
57431.27101997 11.94124603 0.02738673 0.00000000
57431.27244463 12.01495075 0.02847237 0.00000000
57431.27386928 12.00053692 0.02788888 0.00000000
57431.27529393 12.05035400 0.02938616 0.00000000
57431.27671858 11.85507107 0.02573784 0.00000000
57431.27814324 11.93033695 0.02631824 0.00000000
57431.27956788 11.93249893 0.02689311 0.00000000
57431.28099253 11.95451641 0.02760411 0.00000000
57431.28241718 11.85849380 0.02632843 0.00000000
57431.28384183 11.96625710 0.02750571 0.00000000
57431.28526648 11.89300537 0.02663611 0.00000000
57431.28669113 12.01892471 0.02918883 0.00000000
57431.28811579 11.85453033 0.02599637 0.00000000
57431.28954043 11.97486305 0.02716936 0.00000000
57431.29096508 11.95224380 0.02737082 0.00000000
57431.29238973 12.05365849 0.03017128 0.00000000
57431.29381438 11.87257671 0.02644466 0.00000000
57431.29523903 11.91548920 0.02737028 0.00000000
57434.13969271 11.98975945 0.05417505 0.00000000
57434.14112043 12.02107811 0.05723055 0.00000000
57434.14254906 12.03672123 0.05658345 0.00000000
57434.14397860 12.09049225 0.06263892 0.00000000
57434.14540885 12.01477909 0.05713009 0.00000000
57434.14683955 12.01978874 0.05569924 0.00000000
57434.14827004 11.99097252 0.05174024 0.00000000
57434.14970007 12.03510189 0.05554408 0.00000000
57434.15112954 12.04783154 0.05664881 0.00000000
57434.15255850 12.10365200 0.05711448 0.00000000
57434.15398644 12.06802273 0.05558981 0.00000000
57434.15541402 12.09598064 0.05778083 0.00000000
57434.15684172 12.09230995 0.05789201 0.00000000
57434.15827011 12.40085888 0.07327727 0.00000000
57434.15970029 12.32871342 0.06757077 0.00000000
57434.16113151 12.29027271 0.06617180 0.00000000
57434.16256358 12.22947979 0.06065812 0.00000000
57434.16399620 12.21092701 0.06356040 0.00000000
57434.16542900 12.32747936 0.06810020 0.00000000
57434.16686198 12.22564125 0.05947115 0.00000000
57434.16829524 12.37049484 0.06872578 0.00000000
57434.16972868 12.30340576 0.06325648 0.00000000
57434.17116189 12.37802410 0.06710045 0.00000000
57434.17259495 12.29050541 0.06225352 0.00000000
57434.17402805 12.52489758 0.07442155 0.00000000
57434.17546099 12.47153759 0.06903871 0.00000000
57434.17689373 12.35024929 0.06323083 0.00000000
57434.17832599 12.40646839 0.06335424 0.00000000
57434.17975797 12.49567413 0.06918026 0.00000000
57434.18118967 12.56328011 0.07252861 0.00000000
57434.18262086 12.51995564 0.06726289 0.00000000
57434.18405190 12.56528473 0.06877165 0.00000000
57434.18548245 12.38167953 0.06122006 0.00000000
57434.18691240 12.32205009 0.05273002 0.00000000
57434.18834200 12.36274147 0.05220588 0.00000000
57434.18977138 12.30174732 0.04974508 0.00000000
57434.19120007 12.30025005 0.04905622 0.00000000
57434.19262841 12.27677917 0.06840231 0.00000000
57434.19405632 12.37245846 0.05036114 0.00000000
57434.19548364 12.23265457 0.04379482 0.00000000
57434.19691036 12.23558903 0.04256735 0.00000000
57434.19833648 12.26038647 0.04214470 0.00000000
57434.19976211 12.01769733 0.03427604 0.00000000
57434.20118717 12.15792084 0.03749618 0.00000000
57434.20261182 12.15439415 0.03753671 0.00000000
57434.20403627 12.07785988 0.03402949 0.00000000
57434.20546092 12.10682487 0.03502985 0.00000000
57434.20688558 12.12333012 0.03385327 0.00000000
57434.20831024 12.01653004 0.03229973 0.00000000
57434.20973489 12.06635857 0.03244489 0.00000000
57434.21115955 12.09877110 0.03293243 0.00000000
57434.21258421 12.05317497 0.03153637 0.00000000
57434.21400887 12.01611996 0.03165889 0.00000000
57434.21543352 12.03027153 0.03007273 0.00000000
57434.21685818 12.02602768 0.03006144 0.00000000
57434.21828284 12.03950405 0.02987575 0.00000000
57434.21970750 11.92286396 0.02800416 0.00000000
57434.22444313 11.91956615 0.02262390 0.00000000
57434.22586769 12.06703663 0.02453088 0.00000000
57434.22729235 11.97884083 0.02249219 0.00000000
57434.22871687 12.03801537 0.02428263 0.00000000
57434.23014152 11.97811508 0.02384483 0.00000000
57434.23156622 12.00263500 0.02354710 0.00000000
57434.23299119 11.99995327 0.02407569 0.00000000
57434.23441579 11.85537338 0.02099744 0.00000000
57434.23584037 11.95783424 0.02242404 0.00000000
57434.23726497 11.93667793 0.02274337 0.00000000
57434.23868959 12.00407314 0.02347976 0.00000000
57434.24011429 11.97626305 0.02309502 0.00000000
57434.24153894 11.94300938 0.02186608 0.00000000
57434.24296355 11.88115788 0.02135757 0.00000000
57434.24438819 11.99831390 0.02401700 0.00000000
57434.24581285 12.00960636 0.02368822 0.00000000
57434.24723761 11.89385319 0.02252404 0.00000000
57434.24866217 11.99143791 0.02352500 0.00000000
57434.25008680 11.95599651 0.02287844 0.00000000
57434.25151145 11.93563747 0.02260002 0.00000000
57434.25293613 11.93991470 0.02260251 0.00000000
57434.25436075 11.94680405 0.02317063 0.00000000
57434.25578541 11.96700096 0.02362833 0.00000000
57434.25721005 11.91184807 0.02162807 0.00000000
57434.25863468 11.95903778 0.02330321 0.00000000
57434.26005934 11.89056778 0.02171074 0.00000000
57434.26148399 12.01219082 0.02373772 0.00000000
57434.26290864 11.99826145 0.02340430 0.00000000
57434.26433330 11.96958256 0.02382121 0.00000000
57434.26575794 11.92391396 0.02342403 0.00000000
57434.26718259 11.95879650 0.02313610 0.00000000
57434.26860723 11.98668194 0.02432918 0.00000000
57434.27003189 11.95710373 0.02206635 0.00000000
57434.27145667 12.02865314 0.02478582 0.00000000
57434.27288138 12.00696754 0.02390912 0.00000000
57434.27430584 12.06551361 0.02457628 0.00000000
57434.27573048 12.06654358 0.02438592 0.00000000
57434.27715513 12.13814449 0.02630805 0.00000000
57434.27857980 12.14805794 0.03521208 0.00000000
57434.28000443 12.09794807 0.04408065 0.00000000
57434.28142909 12.06886196 0.02646055 0.00000000
57434.28285383 12.09571743 0.02678501 0.00000000
57434.28427838 12.17787743 0.02752848 0.00000000
57434.28570310 12.18038177 0.02789799 0.00000000
57434.28712768 12.26734352 0.02988460 0.00000000
57434.28855235 12.18812561 0.02691234 0.00000000
57434.28997698 12.39402103 0.03323288 0.00000000
57434.29140163 12.33639812 0.03186250 0.00000000
57434.29282628 12.36064339 0.03315023 0.00000000
57434.29425094 12.19478035 0.02931533 0.00000000
57434.29567557 12.32679176 0.03220690 0.00000000
57434.29710023 12.38407040 0.03390192 0.00000000
57434.29852488 12.53462887 0.03709373 0.00000000
57434.29994953 12.33354950 0.03246979 0.00000000
57434.30137429 12.38703346 0.03400176 0.00000000
57434.30279883 12.46690750 0.03599999 0.00000000
57434.30422348 12.46517849 0.03552481 0.00000000
57434.30915084 12.52612877 0.05480109 0.00000000
57434.31070707 12.51875496 0.05486580 0.00000000
57434.31226464 12.62551117 0.05999095 0.00000000
57434.31382267 12.55278397 0.05696148 0.00000000
57434.31537636 12.55912685 0.05700366 0.00000000
57434.31692797 12.56195259 0.05659572 0.00000000
57434.31847589 12.56344604 0.05655700 0.00000000
57434.32002602 12.48940086 0.05302393 0.00000000
57434.32157265 12.67569923 0.06436874 0.00000000
57434.32311915 12.52222538 0.05438619 0.00000000
57434.32466683 12.52623558 0.05483799 0.00000000
57434.32621308 12.40394497 0.04950318 0.00000000
57434.32775558 12.37490082 0.04817160 0.00000000
57434.32929662 12.41641235 0.04829729 0.00000000
57434.33083666 12.39878273 0.04906504 0.00000000
57434.33237971 12.48358250 0.05259070 0.00000000
57434.33391829 12.36123180 0.04754528 0.00000000
57434.33545863 12.28637409 0.04335154 0.00000000
57434.33699821 12.37500381 0.04739066 0.00000000
57434.33853306 12.21423626 0.04047984 0.00000000
57434.34006831 12.24910164 0.04209629 0.00000000
57434.34160737 12.13896847 0.03850060 0.00000000
57434.34314331 12.29452515 0.04431056 0.00000000
57434.34467980 12.18519878 0.03930840 0.00000000
57434.34621188 12.16828060 0.03877039 0.00000000
57434.34774214 12.16428375 0.03887742 0.00000000
57434.34927065 12.15036774 0.03871252 0.00000000
57434.35079837 12.15804863 0.04043761 0.00000000
57434.35233491 12.11101246 0.03865181 0.00000000
57434.35387777 12.08600712 0.03614298 0.00000000
57434.35542420 11.87280560 0.05293462 0.00000000
57434.35697446 12.06928635 0.03627246 0.00000000
57434.35852327 12.05427647 0.03529662 0.00000000
57434.36006920 12.12071419 0.04086537 0.00000000
57434.36161299 12.09604549 0.09578672 0.00000000
57434.36315613 12.03129578 0.03466856 0.00000000
57434.36469961 12.01081657 0.03293319 0.00000000
57434.36624070 11.99143600 0.03251991 0.00000000
57434.36778474 12.06235695 0.03483491 0.00000000
57434.36932456 11.96546841 0.03190842 0.00000000
57434.37086349 11.96957016 0.03293048 0.00000000
57434.37240448 11.94333076 0.03308543 0.00000000
57434.37394946 11.96703815 0.03263281 0.00000000
57434.37549458 12.00845432 0.03637179 0.00000000
57434.37704133 11.95440960 0.03448180 0.00000000
57434.37858669 11.89394760 0.03270131 0.00000000
57434.38013430 11.97627735 0.03538785 0.00000000
57434.38168628 11.90630913 0.03583346 0.00000000
57434.38323922 11.96664047 0.03898580 0.00000000
57434.38478879 11.96893787 0.04115057 0.00000000
57434.38633860 11.91691399 0.04549031 0.00000000
57434.38788431 12.03610516 0.05603166 0.00000000
57434.38942886 12.01564598 0.06013099 0.00000000
57435.15245373 12.18162632 0.06250724 0.00000000
57435.15387839 12.26474667 0.06188938 0.00000000
57435.15530304 12.07926846 0.05172792 0.00000000
57435.15672770 12.25601196 0.06110921 0.00000000
57435.15815236 12.17480087 0.05937441 0.00000000
57435.15957701 12.15817833 0.05838582 0.00000000
57435.16100167 12.19029522 0.05848877 0.00000000
57435.16242632 12.07165909 0.05293461 0.00000000
57435.16385098 12.24653149 0.06053364 0.00000000
57435.16527563 12.10669708 0.05324784 0.00000000
57435.16670029 12.19059467 0.05576814 0.00000000
57435.16812495 12.03711414 0.04898905 0.00000000
57435.16954960 12.08322144 0.05183039 0.00000000
57435.17097426 12.24306583 0.05593603 0.00000000
57435.17239891 12.16691875 0.05299521 0.00000000
57435.17382357 12.12211704 0.05143339 0.00000000
57435.17524823 12.08834457 0.05087053 0.00000000
57435.17667288 12.13996506 0.05341595 0.00000000
57420.27466286 11.92799234 0.09213466 0.00000000
57422.24043200 12.02170038 0.07970402 0.00000000
57422.29171942 11.94815111 0.03837402 0.00000000
57422.29314407 12.03728724 0.04027009 0.00000000
57422.29456872 12.09336329 0.04172336 0.00000000
57422.29599337 12.03349924 0.07921575 0.00000000
57424.32532482 12.28234720 0.04853280 0.00000000
