     x            y         ra           dec
531.1597900  33.4750137 319.9252478  22.0623914
837.4859009  28.0257874 319.8595317  22.0634394
112.5955887  22.9658718 320.0150446  22.0645251
456.3846741  18.4077892 319.9412914  22.0653919
366.9073792  15.0763035 319.9604875  22.0660635
 91.9367447  14.9124403 320.0194776  22.0661267
989.9158936  13.9965677 319.8268323  22.0662085
892.4552002  13.0220213 319.8477409  22.0664129
208.9621277   6.5235748 319.9943729  22.0677796
 75.3733444   9.9458475 320.0230316  22.0671149
823.1915283   7.5828032 319.8626008  22.0675008
787.1748047   8.6442757 319.8703274  22.0672940
108.3373337   7.7296371 320.0159600  22.0675513
662.6870728   9.2465506 319.8970340  22.0671883
341.1145935   8.6512432 319.9660217  22.0673423
866.1508179   9.2022562 319.8533845  22.0671744
560.3285522   6.4009805 319.9189935  22.0677648
130.3584747   7.2641001 320.0112358  22.0676413
913.6162109   5.9505057 319.8432020  22.0678148
517.3294678   5.3037281 319.9282184  22.0679875
999.4270020   2.6702344 319.8247933  22.0684567
492.4743958   1.8250639 319.9335510  22.0686811
373.4397278   2.2378526 319.9590877  22.0686124
888.2656860   2.1078966 319.8486410  22.0685808
 42.5727463   1.7535009 320.0300694  22.0687455
318.7808228   1.3968954 319.9708139  22.0687855
482.4536438 981.7460327 319.9355793  21.8740803
944.7746582 1019.6309204 319.8363918  21.8665052
721.4841309 1023.0839233 319.8842944  21.8658444
447.3834229 1022.9538574 319.9430978  21.8659008
309.1723328 1023.6831665 319.9727485  21.8657714
284.3805847 1016.0443115 319.9780681  21.8672911
186.4702759 1023.0418091 319.9990721  21.8659124
196.2284241 1018.9472656 319.9969792  21.8667245
 25.7765942 1022.4005737 320.0335461  21.8660577
  7.8475642 991.8128662 320.0373963  21.8721341
505.1475830 990.0186157 319.9307097  21.8724349
929.9544678 988.4942627 319.8395751  21.8726903
425.4618225 984.9390869 319.9478055  21.8734526
941.0808105 986.9952393 319.8371883  21.8729867
946.3773804 985.9525146 319.8360522  21.8731932
702.6470337 978.8980103 319.8883411  21.8746214
692.7752075 978.5673218 319.8904589  21.8746881
389.2127075 983.7996826 319.9555822  21.8736829
558.1518555 984.3076782 319.9193392  21.8735632
464.3475952 982.3406372 319.9394635  21.8739643
795.2621460 981.0712891 319.8684719  21.8741794
811.7219238 980.8884888 319.8649407  21.8742139
750.1757202 931.5711670 319.8781505  21.8840147
997.8438721 975.8026733 319.8250122  21.8752031
196.7006226 974.9766846 319.9968833  21.8754565
 94.6041183 976.3475342 320.0187861  21.8751957
330.9076843 972.1044922 319.9680919  21.8760119
578.0019531 973.9381104 319.9150821  21.8756202
452.8457031 974.1528320 319.9419321  21.8755916
217.9834290 962.5776367 319.9923190  21.8779165
859.7166748 970.3290405 319.8546456  21.8763056
552.5994263 970.5900879 319.9205321  21.8762880
216.8868103 948.9352417 319.9925560  21.8806258
1000.2283936 968.6205444 319.8245016  21.8766292
470.5238953 968.8396606 319.9381402  21.8766447
391.0797424 962.9633179 319.9551842  21.8778206
 41.7044525 967.4962769 320.0301359  21.8769593
949.6243896 965.8521729 319.8353581  21.8771846
448.8009033 966.2618408 319.9428008  21.8771591
763.4609985 956.5350952 319.8752973  21.8790556
 64.2935410 965.9790039 320.0252900  21.8772581
973.0776367 960.2174683 319.8303273  21.8783010
686.2029419 964.6105347 319.8918706  21.8774605
489.0659180 962.8838501 319.9341631  21.8778254
 31.1063938 964.1118164 320.0324100  21.8776326
327.3999939 955.3518066 319.9688465  21.8793392
943.9033813 957.0778809 319.8365865  21.8789277
364.8499451 947.3600464 319.9608133  21.8809221
601.9629517 950.6727295 319.9099445  21.8802378
568.0894165 949.4195557 319.9172116  21.8804905
626.3052368 947.9881592 319.9047227  21.8807682
642.1943970 947.6663208 319.9013140  21.8808304
1006.1639404 940.7992554 319.8232316  21.8821535
910.6723633 935.8354492 319.8437183  21.8831499
902.8665161 918.1756592 319.8453951  21.8866578
651.9224243 946.3619995 319.8992272  21.8810883
1012.4465332 979.6934814 319.8218790  21.8744288
271.0224915 979.6668701 319.9809383  21.8745168
848.9631348 941.2503662 319.8569562  21.8820815
790.9658203 939.1616821 319.8693988  21.8825027
820.0153198 941.2861938 319.8631664  21.8820776
633.6472778 941.5065308 319.9031484  21.8820546
625.7422485 938.3533325 319.9048446  21.8826817
524.9396362 936.3735352 319.9264703  21.8830861
934.2479858 940.0775146 319.8386600  21.8823049
 28.5418205 939.9269409 320.0329631  21.8824358
273.4074097 942.3308105 319.9804313  21.8819311
242.2751770 940.1198120 319.9871104  21.8823736
869.4682617 970.9783325 319.8525535  21.8761755
 49.8965607 939.9356079 320.0283819  21.8824317
471.9141846 937.5040894 319.9378458  21.8828675
197.0047760 935.3753662 319.9968230  21.8833209
556.3156128 930.2432861 319.9197399  21.8843000
867.2425537 932.1902466 319.8530358  21.8838787
401.8795166 931.2282104 319.9528713  21.8841216
508.0005188 929.5078735 319.9301051  21.8844514
509.7591858 926.0039673 319.9297283  21.8851471
368.5995178 930.1307983 319.9600110  21.8843433
471.5498962 925.0659790 319.9379255  21.8853376
874.0831909 923.5305786 319.8515694  21.8855976
687.8372803 924.7653198 319.8915249  21.8853732
245.6193695 921.4811401 319.9863953  21.8860747
606.9548950 923.2858887 319.9088770  21.8856760
574.3529663 921.3112183 319.9158714  21.8860718
577.1950073 915.0693359 319.9152625  21.8873110
224.9739380 922.3364868 319.9908243  21.8859071
199.4737701 922.0509033 319.9962950  21.8859667
813.8567505 921.1303711 319.8644902  21.8860810
 86.3175659 978.8259888 320.0205636  21.8747044
744.3638306 953.0941162 319.8793947  21.8797411
673.6119995 919.7767334 319.8945773  21.8863655
361.6619263 915.0610352 319.9615012  21.8873367
380.9491272 908.3734131 319.9573644  21.8886627
935.3988037 917.4444580 319.8384159  21.8867994
310.1116028 917.7026978 319.9725601  21.8868179
994.2139893 914.3886108 319.8257986  21.8873997
964.9466553 911.6392212 319.8320777  21.8879490
229.8672791 911.1329956 319.9897759  21.8881315
1023.2397461 908.0842896 319.8195724  21.8886485
506.5442200 901.9089355 319.9304210  21.8899324
498.4161987 899.5084839 319.9321650  21.8904100
956.8527832 907.5437012 319.8338146  21.8887632
 52.0813828 904.0477905 320.0279176  21.8895584
429.2904968 905.0494385 319.9469940  21.8893174
834.0007935 902.5939331 319.8601709  21.8897599
933.3922119 902.1316528 319.8388483  21.8898406
304.0886536 901.7825928 319.9738542  21.8899801
962.2911987 899.9883423 319.8326488  21.8902630
604.5881958 898.1088867 319.9093878  21.8906762
216.9192963 898.8331909 319.9925552  21.8905755
178.6015778 898.4756470 320.0007756  21.8906508
138.2656555 893.1420288 320.0094296  21.8917145
681.9893799 897.9588623 319.8927828  21.8906973
770.0370483 897.4892578 319.8738938  21.8907808
 74.3303375 896.4025879 320.0231454  21.8910741
653.9768677 892.8206177 319.8987930  21.8917208
855.6854248 893.8540039 319.8555199  21.8914931
553.3717651 894.8342285 319.9203758  21.8913322
534.5273438 893.2915649 319.9244188  21.8916406
872.1168213 893.4361572 319.8519949  21.8915743
994.4457397 890.7492065 319.8257518  21.8920942
153.9824219 890.1658325 320.0060583  21.8923038
685.6013184 889.7951050 319.8920090  21.8923181
575.7899780 883.0405273 319.9155679  21.8936718
340.8225708 883.2734375 319.9659759  21.8936517
277.5119324 883.8845825 319.9795580  21.8935374
 63.5151062 880.7573853 320.0254676  21.8941823
1022.9210815 877.9222412 319.8196445  21.8946384
1014.3565063 877.7384644 319.8214819  21.8946758
405.1043091 881.5994873 319.9521856  21.8939770
390.7727966 882.0722046 319.9552601  21.8938847
912.3034668 877.4810791 319.8433756  21.8947383
881.2108154 881.7177124 319.8500454  21.8939004
816.6466064 876.1107788 319.8638972  21.8950211
451.7505188 878.8867188 319.9421788  21.8945105
942.9947510 871.2681274 319.8367921  21.8959687
941.7196655 858.9518433 319.8370672  21.8984147
286.3503113 875.0140991 319.9776630  21.8952980
 12.6728506 874.1244507 320.0363757  21.8955052
647.1028442 877.4608765 319.9002696  21.8947719
703.1338501 870.2442627 319.8882501  21.8961988
796.7621460 871.8262329 319.8681636  21.8958742
276.1579285 868.2220459 319.9798504  21.8966480
113.9169846 869.9953613 320.0146561  21.8963139
717.8358765 867.6159058 319.8850964  21.8967191
236.9346619 867.1005249 319.9882652  21.8968751
884.5989380 867.1701050 319.8493204  21.8967890
847.9112549 864.8693237 319.8571913  21.8972500
107.0254364 865.0323486 320.0161352  21.8973003
202.0232849 859.5067749 319.9957558  21.8983870
567.1234741 855.6146851 319.9174305  21.8991192
897.9768066 844.0425415 319.8464533  21.9013804
812.6955566 841.5679932 319.8647491  21.9018814
813.2710571 856.7103271 319.8646238  21.8988742
872.9796753 855.5878296 319.8518145  21.8990905
455.8915100 853.1536865 319.9412936  21.8996204
827.2022705 848.4296875 319.8616361  21.9005171
1013.1024780 853.1148682 319.8217540  21.8995659
517.7011108 850.6773071 319.9280338  21.9001052
312.8821411 853.3092041 319.9719737  21.8996054
 75.9682770 852.5302124 320.0227995  21.8997865
185.6694794 846.8392944 319.9992657  21.9009045
 26.3391247 847.6207886 320.0334471  21.9007670
361.9796753 844.7791138 319.9614418  21.9012939
510.0610962 840.4254761 319.9296741  21.9021420
343.2706299 842.4363403 319.9654558  21.9017613
942.6867676 842.1201172 319.8368618  21.9017572
722.3560791 838.6228638 319.8841302  21.9024763
436.4422607 838.5957031 319.9454679  21.9025136
987.6452026 830.9144897 319.8272181  21.9039775
552.2650757 836.9990845 319.9206204  21.9028177
320.4324646 832.3819580 319.9703565  21.9037605
460.4381409 824.6405029 319.9403218  21.9052823
443.3487549 829.8934326 319.9439874  21.9042410
451.5687256 828.3120728 319.9422241  21.9045541
108.5594254 826.0238037 320.0158109  21.9050468
116.1837311 818.8823242 320.0141761  21.9064642
777.2506714 826.2271729 319.8723551  21.9049318
767.0473022 825.8972778 319.8745441  21.9049985
560.7454224 825.7040405 319.9188025  21.9050599
557.3111572 824.1263428 319.9195395  21.9053736
182.7847290 824.1718140 319.9998874  21.9054063
939.4995117 825.5418091 319.8375476  21.9050499
750.7564087 824.4521484 319.8780392  21.9052873
490.1698608 819.6953125 319.9339440  21.9062610
662.4682617 819.6619263 319.8969804  21.9062484
289.1029968 820.3214111 319.9770792  21.9061591
616.1971436 734.7127075 319.9069176  21.9231236
586.9409790 771.7276611 319.9131894  21.9157761
762.1975098 818.4431763 319.8755855  21.9064793
890.2315674 815.4944458 319.8481184  21.9070506
778.2283325 815.6025391 319.8721467  21.9070417
559.6586304 815.0055542 319.9190370  21.9071846
683.0486450 815.5432129 319.8925658  21.9070641
847.3009033 812.3087158 319.8573288  21.9076881
1003.9521484 805.8893433 319.8237229  21.9089454
753.1553955 805.5753784 319.8775269  21.9090358
 78.4329376 805.7656250 320.0222765  21.9090732
839.5472412 804.7019043 319.8589932  21.9091996
880.4442749 801.4606323 319.8502198  21.9098387
713.3731689 800.9230347 319.8860620  21.9099641
647.0636597 799.1862183 319.9002878  21.9103164
422.9435730 797.8305664 319.9483689  21.9106106
889.7094727 795.2847900 319.8482329  21.9110641
688.3728638 793.8994141 319.8914263  21.9113617
1002.5015259 791.1279297 319.8240359  21.9118771
780.6430664 793.1693115 319.8716314  21.9114964
453.2857971 793.7686768 319.9418600  21.9114139
209.4213257 793.7491455 319.9941768  21.9114449
395.5342102 790.2609253 319.9542500  21.9121169
517.9595947 790.9874268 319.9279858  21.9119590
  5.6548362 792.1248169 320.0378915  21.9117902
715.8838501 790.1242065 319.8855247  21.9121083
114.0065002 790.5047607 320.0146467  21.9120999
801.9512939 788.2356567 319.8670607  21.9124738
653.9151001 786.3543701 319.8988195  21.9128639
991.4857178 786.7532349 319.8263997  21.9127471
986.5742188 778.4278564 319.8274544  21.9144009
919.8543701 787.3700562 319.8417668  21.9126326
 41.8455467 785.9948120 320.0301282  21.9130036
899.9840088 785.7346802 319.8460299  21.9129595
510.1728516 784.1794434 319.9296571  21.9133119
260.2106323 784.9874878 319.9832819  21.9131793
 28.3773193 784.4439087 320.0330177  21.9133131
155.9292908 784.5859375 320.0056537  21.9132706
222.5714417 784.9276733 319.9913568  21.9131953
938.1035767 782.7611084 319.8378524  21.9135458
668.3833008 782.8208618 319.8957160  21.9135640
384.2103271 780.9008179 319.9566805  21.9139770
120.0115433 782.0258179 320.0133595  21.9137830
858.5004883 779.1539917 319.8549302  21.9142710
268.3067322 778.5776978 319.9815459  21.9144513
799.4403687 771.2286377 319.8676015  21.9158515
398.2405701 819.9202271 319.9536657  21.9062266
209.0209961 774.9919434 319.9942650  21.9151700
244.7031250 768.9585571 319.9866108  21.9163642
133.8825226 769.9050903 320.0103853  21.9161885
 24.6336861 770.9178467 320.0338225  21.9159996
205.7792053 769.3551025 319.9949612  21.9162898
958.4049683 758.3389282 319.8335001  21.9183935
283.9944458 765.0452881 319.9781820  21.9171369
1021.1441040 763.0404053 319.8200400  21.9174529
571.2329712 737.1226196 319.9165636  21.9226500
157.2319336 762.3559570 320.0053770  21.9176851
891.1367798 761.8509521 319.8479309  21.9177036
397.0214844 758.9138184 319.9539348  21.9183420
842.4019165 758.2448730 319.8583865  21.9184251
384.3378906 816.2567749 319.9566488  21.9069557
510.9614868 759.4656372 319.9294910  21.9182197
467.9825439 758.8780518 319.9387114  21.9183411
244.1969604 756.8709717 319.9867209  21.9187647
444.5870972 755.5347900 319.9437309  21.9190077
155.0442963 755.3392944 320.0058472  21.9190788
531.4258423 754.4164429 319.9251013  21.9192201
365.5534973 754.4018555 319.9606863  21.9192415
  9.5939589 754.5395508 320.0370511  21.9192538
991.4231567 753.8910522 319.8264172  21.9192731
402.5006104 749.2767334 319.9527606  21.9202552
404.3133545 743.7634888 319.9523724  21.9213498
729.0227661 748.5971069 319.8827112  21.9203537
 32.5279770 818.8027954 320.0321230  21.9064893
859.3403320 745.3606567 319.8547543  21.9209819
739.6541138 750.9319458 319.8804301  21.9198889
209.2487335 750.1338501 319.9942192  21.9201065
796.4774170 738.5961304 319.8682412  21.9223323
340.2374878 743.7750244 319.9661187  21.9213547
427.7805176 737.9481201 319.9473386  21.9225021
319.7568054 741.6337280 319.9705127  21.9217822
 38.4688416 740.0365601 320.0308583  21.9221308
 32.9927406 737.5031738 320.0320334  21.9226345
253.6727448 740.0006104 319.9846901  21.9221139
245.8051758 739.5205078 319.9863780  21.9222101
  7.7456846 737.9914551 320.0374496  21.9225403
922.8500977 733.6396484 319.8411308  21.9233025
278.8765564 736.8180542 319.9792835  21.9227431
722.7319946 731.5824585 319.8840629  21.9237334
714.1422729 727.2572021 319.8859062  21.9245933
185.6992645 732.5217896 319.9992735  21.9236067
717.6610718 818.8809204 319.8851399  21.9063974
442.9549561 734.0608521 319.9440837  21.9232724
643.6690674 730.3195801 319.9010246  21.9239930
882.3373413 730.2972412 319.8498225  21.9239708
472.2890320 728.1188965 319.9377914  21.9244491
472.6959534 720.9243774 319.9377049  21.9258778
468.0999451 716.9013062 319.9386914  21.9266773
551.8216553 728.5071411 319.9207290  21.9243631
168.0207062 725.0859375 320.0030671  21.9250853
 30.9769650 726.9873047 320.0324671  21.9247230
880.9429932 723.6149292 319.8501225  21.9252980
798.3182373 724.1380615 319.8678481  21.9252033
949.7778320 724.6018677 319.8353551  21.9250943
808.7005005 720.5355835 319.8656212  21.9259176
546.9484253 725.2616577 319.9217749  21.9250082
764.9215698 718.3059692 319.8750135  21.9263652
833.6835327 719.9037476 319.8602616  21.9260402
899.3923950 716.8303223 319.8461653  21.9266433
461.0216064 718.9260254 319.9402097  21.9262760
398.4585571 719.1674194 319.9536315  21.9262350
711.5220947 714.8162842 319.8864698  21.9270642
355.0320435 713.1320801 319.9629486  21.9274384
356.0987854 706.0194702 319.9627206  21.9288508
1022.5670166 707.6406250 319.8197416  21.9284545
104.1954727 712.1716919 320.0167612  21.9276571
522.2856445 712.9690552 319.9270674  21.9274521
453.3639832 701.2028198 319.9418547  21.9297965
673.9811401 709.9818726 319.8945242  21.9280284
699.0535278 708.0055542 319.8891456  21.9284181
560.5219116 708.0962524 319.9188650  21.9284156
323.9797974 708.0071411 319.9696109  21.9284596
134.6880493 707.0032959 320.0102202  21.9286801
914.5197144 703.9144287 319.8429216  21.9292065
827.5374146 706.0075684 319.8615819  21.9288006
114.6903229 704.8198853 320.0145107  21.9291159
200.9054718 702.0292969 319.9960151  21.9296605
602.3536377 702.5450439 319.9098915  21.9295133
575.0957642 702.3660889 319.9157392  21.9295519
143.4350739 697.6160278 320.0083449  21.9305433
945.8457031 701.1342773 319.8362016  21.9297552
 72.3065262 699.7421875 320.0236040  21.9301290
633.8367310 696.4921875 319.9031381  21.9307118
747.1234131 694.2062988 319.8788347  21.9311531
960.1893921 692.3514404 319.8331255  21.9314977
795.2227173 691.8375854 319.8685162  21.9316182
741.7956543 690.5007935 319.8799782  21.9318896
188.1373749 684.1994019 319.9987565  21.9332027
162.3081055 688.2906494 320.0042972  21.9323931
165.7549438 678.7224121 320.0035589  21.9342929
179.2178650 669.7069092 320.0006718  21.9360818
 87.3620453 684.5040283 320.0203760  21.9331535
600.5656738 685.7210693 319.9102771  21.9328546
590.4144897 669.7624512 319.9124569  21.9360249
576.4346313 679.3362427 319.9154548  21.9341252
581.9938965 675.4735107 319.9142627  21.9348917
1020.0346069 680.3969727 319.8202882  21.9338651
998.4428711 679.9001465 319.8249204  21.9339662
560.0725098 682.9010620 319.9189646  21.9334191
838.6757812 677.0452881 319.8591959  21.9345509
282.5289307 681.9022217 319.9785067  21.9336484
763.9368896 679.5323486 319.8752295  21.9340654
595.9901123 679.5665894 319.9112595  21.9340773
910.3391113 677.3435669 319.8438218  21.9344837
731.6441040 678.9547729 319.8821574  21.9341837
620.5439453 676.1000366 319.9059924  21.9347630
983.6259155 670.9406738 319.8281002  21.9357471
950.6333008 675.9896240 319.8351776  21.9347481
687.5573120 675.2285156 319.8916159  21.9349286
209.9743195 674.5740967 319.9940729  21.9351118
790.4185791 676.5002441 319.8695487  21.9346645
496.7478333 675.3822632 319.9325507  21.9349193
607.4947510 672.8893433 319.9087922  21.9354020
354.3390808 665.2133179 319.9631032  21.9369546
 91.9374847 673.0015869 320.0193958  21.9354372
856.3897705 666.2358398 319.8553971  21.9366956
506.8385315 671.8444824 319.9303864  21.9356208
 23.3915691 667.0415649 320.0341019  21.9366285
738.0553589 671.5385132 319.8807829  21.9356557
657.8858643 670.6672974 319.8979820  21.9358377
309.8866272 667.0060425 319.9726395  21.9366036
310.2314148 657.4899902 319.9725667  21.9384933
437.7928467 662.9090576 319.9452000  21.9374029
279.4672546 654.3903198 319.9791670  21.9391123
279.8442383 663.5964966 319.9790850  21.9372840
289.3804626 663.1792603 319.9770392  21.9373658
118.0524063 666.8399658 320.0137941  21.9366579
621.4521484 686.6328735 319.9057962  21.9326712
 45.1252632 661.5736694 320.0294400  21.9377119
924.4183960 671.8748169 319.8408020  21.9355682
768.6043701 659.4558716 319.8742307  21.9380518
762.0732422 656.8865356 319.8756322  21.9385628
716.3141479 655.7469482 319.8854491  21.9387942
148.9842529 656.9902954 320.0071594  21.9386105
1001.2947388 653.1028442 319.8243119  21.9392875
209.5731506 655.6755981 319.9941613  21.9388649
388.6944580 651.6135254 319.9557346  21.9396516
980.9315186 650.2551270 319.8286808  21.9398553
656.1713257 651.7536011 319.8983522  21.9395939
372.8079529 649.8458252 319.9591430  21.9400044
537.6499634 648.0069580 319.9237793  21.9403512
453.5881653 647.7312012 319.9418133  21.9404153
244.0206451 640.3822021 319.9867731  21.9418981
 20.9411640 647.8692627 320.0346299  21.9404362
920.0844116 644.7470703 319.8417352  21.9409559
799.1212158 645.2589111 319.8676856  21.9408678
763.0186157 644.5509644 319.8754309  21.9410124
640.7523804 642.2103271 319.9016612  21.9414908
591.8310547 644.7272949 319.9121561  21.9409965
997.0612793 638.8005371 319.8252219  21.9421283
949.3869019 635.3888550 319.8354500  21.9428111
168.8430023 635.3883667 320.0029018  21.9428982
183.4868011 627.0753174 319.9997613  21.9445475
292.1366272 635.0072021 319.9764514  21.9429602
726.7017822 636.3433838 319.8832230  21.9426464
483.7163391 637.5469971 319.9353511  21.9424344
604.6888428 633.7796631 319.9093990  21.9431691
570.8732910 634.2502441 319.9166535  21.9430794
 46.3196068 633.0083008 320.0291873  21.9433846
967.9747314 628.9166870 319.8314631  21.9440943
516.1918945 624.7822266 319.9283856  21.9449658
756.6882324 627.7454224 319.8767910  21.9443505
102.7667770 627.3133545 320.0170783  21.9445092
 10.8133812 627.3931885 320.0368052  21.9445036
1022.5369873 626.5618286 319.8197581  21.9445559
782.8574829 624.8544312 319.8711772  21.9449217
975.6297607 619.7072144 319.8298220  21.9459224
596.8663330 625.2166138 319.9110783  21.9448705
119.7843628 639.1850586 320.0134260  21.9421497
726.3354492 610.4154663 319.8833048  21.9477954
200.0319519 608.5919189 319.9962141  21.9482162
814.4793701 615.9575806 319.8643944  21.9466850
 95.8654709 613.4669800 320.0185605  21.9472597
 91.0310287 608.5053711 320.0195983  21.9482456
1005.6027832 614.6704102 319.8233925  21.9469193
 49.7651901 614.4539795 320.0284504  21.9470689
773.2044067 612.7700195 319.8732496  21.9473226
808.9812622 611.5923462 319.8655745  21.9475525
544.6704102 609.4448242 319.9222779  21.9480084
506.2052917 610.2184448 319.9305298  21.9478591
285.6875000 607.6057129 319.9778383  21.9484025
490.2712097 599.9302979 319.9339495  21.9499040
239.4670715 607.4392090 319.9877541  21.9484408
  2.0544388 606.6104126 320.0386869  21.9486318
  8.4735041 598.7750854 320.0373107  21.9501871
609.3125610 604.4107056 319.9084107  21.9490010
255.0055695 601.6021118 319.9844213  21.9495982
304.7671204 600.0205688 319.9737461  21.9499068
131.5387115 592.0982056 320.0109101  21.9514994
317.0601807 592.5588379 319.9711097  21.9513872
 76.6320038 589.2300415 320.0226897  21.9520751
929.8126221 592.7799072 319.8396546  21.9512750
922.9631958 587.8171387 319.8411246  21.9522613
504.4129944 591.2464600 319.9309167  21.9516269
835.5797729 590.7844238 319.8598708  21.9516818
876.5294189 589.5111694 319.8510860  21.9519300
 28.8643169 587.3383789 320.0329377  21.9524561
664.4500122 584.9471436 319.8965844  21.9528601
691.7283325 584.6325073 319.8907324  21.9529195
607.2583618 585.1953125 319.9088538  21.9528172
264.5094604 583.7324829 319.9823847  21.9531459
358.9488220 583.3244019 319.9621244  21.9532164
106.2216492 575.3753662 320.0163435  21.9548232
969.0625610 561.9484863 319.8312381  21.9573934
934.6848145 575.5748901 319.8386115  21.9546912
945.3274536 559.0293579 319.8363304  21.9579757
978.4187622 578.2553711 319.8292288  21.9541540
541.7656250 575.4185791 319.9229053  21.9547660
303.5062256 566.5710449 319.9740207  21.9565496
391.9769287 579.3076782 319.9550393  21.9540104
502.9041443 571.5402222 319.9312428  21.9555406
 33.0039406 571.4958496 320.0320516  21.9556018
606.0319214 565.4919434 319.9091194  21.9567302
583.5611572 564.7405396 319.9139402  21.9568819
 54.6482201 565.4741211 320.0274089  21.9567952
1006.4431763 559.6395264 319.8232190  21.9578478
  2.9264898 558.9899902 320.0385057  21.9580886
792.9473877 560.1278076 319.8690207  21.9577746
211.2996063 558.0896606 319.9938031  21.9582442
518.9344482 549.7406616 319.9278065  21.9598679
530.1088257 535.1860352 319.9254111  21.9627571
740.5699463 556.7727051 319.8802577  21.9584467
864.3720703 554.2122803 319.8536985  21.9589414
165.4406586 547.2595825 320.0036426  21.9604001
827.5982666 548.8533936 319.8615883  21.9600097
805.0474243 547.8480225 319.8664263  21.9602119
485.3553162 549.0372925 319.9350104  21.9600113
446.6929626 548.6452026 319.9433048  21.9600935
 51.8417091 548.9400635 320.0280130  21.9600790
474.8014526 553.6401367 319.9372740  21.9590985
334.1914368 545.1543579 319.9674404  21.9607993
714.0974731 543.3957520 319.8859386  21.9611062
677.5434570 525.4491577 319.8937828  21.9646743
465.2998352 541.9793091 319.9393138  21.9614152
145.3647919 540.8796997 320.0079503  21.9616693
449.9778442 539.0039673 319.9426013  21.9620078
655.7364502 523.3319092 319.8984614  21.9650972
1016.9733276 535.5618286 319.8209629  21.9626282
128.7682343 524.0121460 320.0115129  21.9650208
 18.4679565 533.9666748 320.0351746  21.9630563
776.1780396 531.2867432 319.8726218  21.9635040
763.7268066 530.3944702 319.8752931  21.9636826
727.4708862 531.0155029 319.8830711  21.9635633
  3.8679500 522.5966797 320.0383082  21.9653159
 51.8804817 528.3441772 320.0280073  21.9641691
505.0239258 527.8715820 319.9307935  21.9642124
288.6146240 525.8638306 319.9772205  21.9646353
861.0601196 527.0952148 319.8544124  21.9643269
 30.6487598 524.8266602 320.0325626  21.9648700
265.1805420 526.0088501 319.9822478  21.9646091
257.9664917 526.5366821 319.9837954  21.9645051
218.5772400 526.2682495 319.9922457  21.9645628
211.1525879 525.8960571 319.9938386  21.9646375
243.0686951 524.8392334 319.9869917  21.9648438
229.9011841 525.2260132 319.9898165  21.9647685
545.9428711 520.2689209 319.9220160  21.9657177
604.5067139 491.8756409 319.9094557  21.9713498
405.0564880 521.9699097 319.9522405  21.9653956
358.7604065 520.3057861 319.9621727  21.9657312
356.2201233 513.8403931 319.9627184  21.9670155
751.7988281 519.9859619 319.8778533  21.9657509
155.2832947 520.6801758 320.0058250  21.9656796
315.9995728 519.9962158 319.9713463  21.9657975
243.0189056 511.5348206 319.9870040  21.9674860
866.2926636 514.9429932 319.8532913  21.9667396
965.9783936 514.5209961 319.8319056  21.9668123
449.3629456 509.1319275 319.9427369  21.9679401
448.0277100 503.3519287 319.9430241  21.9690881
163.1761475 513.5755615 320.0041326  21.9670896
371.9929810 523.5261841 319.9593335  21.9650902
728.6260376 511.5699158 319.8828257  21.9674248
951.3499756 515.3471069 319.8350438  21.9666499
  2.0261629 508.0268250 320.0387052  21.9682095
789.6016235 502.4445190 319.8697456  21.9692303
840.0052490 503.5077209 319.8589322  21.9690135
846.5381470 500.3700867 319.8575311  21.9696359
482.6895142 503.6038208 319.9355880  21.9690343
978.5592041 502.2384033 319.8292081  21.9692501
677.5416260 492.3754272 319.8937873  21.9712424
379.9895630 501.6150208 319.9576206  21.9694407
151.8274231 500.6895142 320.0065689  21.9696499
511.1658630 500.9645996 319.9294792  21.9695552
325.6888733 500.0313721 319.9692701  21.9697612
 99.8585815 497.8168640 320.0177182  21.9702262
374.4444885 500.5052795 319.9588104  21.9696617
 61.8055267 499.0444641 320.0258817  21.9699866
1022.6642456 498.1755371 319.8197467  21.9700520
987.0148315 497.0079346 319.8273948  21.9702879
888.8841553 496.3279419 319.8484470  21.9704339
840.0641479 489.2108154 319.8589214  21.9718527
 32.2470627 495.1737061 320.0322234  21.9707586
134.4197845 493.5219727 320.0103043  21.9710752
875.5300903 492.1760864 319.8513124  21.9712599
852.0145264 491.0014954 319.8563574  21.9714958
177.4753418 480.5136719 320.0010691  21.9736537
162.7515106 467.5158386 320.0042294  21.9762366
407.4169922 484.9722595 319.9517386  21.9727427
227.4904480 487.5269775 319.9903384  21.9722554
830.7214355 493.5368347 319.8609252  21.9709946
867.4375610 486.5022888 319.8530492  21.9723875
961.6544189 481.0830994 319.8328374  21.9734532
956.8973999 474.1848755 319.8338588  21.9748237
311.6892395 485.3660278 319.9722753  21.9726751
514.5722046 481.7538452 319.9287508  21.9733699
339.5240173 482.9623413 319.9663041  21.9731494
117.9253387 475.6855164 320.0138451  21.9746192
834.3222046 481.1340942 319.8601542  21.9734573
 84.8509674 475.8643799 320.0209406  21.9745874
 34.3831558 477.4695435 320.0317673  21.9742742
945.1727295 477.6900635 319.8363736  21.9741289
276.6701965 475.0670471 319.9797893  21.9747243
903.0154419 474.2129822 319.8454182  21.9748241
934.9362793 465.2533264 319.8385712  21.9765998
976.5931396 463.7951050 319.8296347  21.9768848
811.4160767 464.5606995 319.8650704  21.9767511
447.5714722 462.2818909 319.9431270  21.9772443
318.0186462 464.0578613 319.9709201  21.9769060
377.0104675 479.2416992 319.9582625  21.9738841
 46.1548271 461.5171814 320.0292439  21.9774409
 54.3901253 455.0741577 320.0274780  21.9787195
834.6677856 458.9364014 319.8600828  21.9778655
748.8404541 451.8171082 319.8784964  21.9792889
757.9850464 431.2843933 319.8765372  21.9833654
747.9337769 426.1835632 319.8786941  21.9843795
592.8864746 455.2775879 319.9119532  21.9786190
400.1740723 453.7363892 319.9532964  21.9789466
378.8278503 457.0491638 319.9578754  21.9782911
 16.0425091 453.1542664 320.0357050  21.9791050
116.0585709 454.5569763 320.0142482  21.9788153
514.1253052 451.1138306 319.9288505  21.9794547
507.1428223 450.1234436 319.9303486  21.9796522
363.9618835 447.4949036 319.9610658  21.9801901
826.5158081 450.0375977 319.8618328  21.9796336
379.2504883 450.8658447 319.9577855  21.9795190
567.6445923 449.9590759 319.9173690  21.9796781
287.9638367 445.1701050 319.9773701  21.9806603
510.5230713 436.5730591 319.9296251  21.9823427
506.9974976 404.5847778 319.9303854  21.9886957
864.1368408 446.7526245 319.8537623  21.9802818
326.8605042 447.8454895 319.9690252  21.9801246
886.3110352 445.8277893 319.8490053  21.9804629
335.5409241 446.8536377 319.9671631  21.9803206
976.9621582 443.2660828 319.8295581  21.9809616
164.2366333 440.0859680 320.0039142  21.9816837
1017.0552979 443.5068970 319.8209568  21.9809093
1021.3834839 439.7013245 319.8200287  21.9816645
613.0349731 442.1169434 319.9076323  21.9812304
458.8562622 442.8524780 319.9407085  21.9811015
239.7252502 442.9866028 319.9877191  21.9810993
723.9049683 441.0437012 319.8838472  21.9814311
712.1669922 437.1377869 319.8863659  21.9822081
589.4370117 441.2447815 319.9126949  21.9814062
193.2117310 439.8856812 319.9976982  21.9817203
 17.6796894 438.6602173 320.0353556  21.9819832
180.0934753 438.6908569 320.0005126  21.9819590
666.5417480 433.2131042 319.8961545  21.9829926
1003.4614868 434.4770203 319.8238742  21.9827040
340.1579895 428.1789856 319.9661749  21.9840287
 87.5025787 432.7166138 320.0203771  21.9831558
634.0323486 427.0409851 319.9031295  21.9842219
570.4161377 425.3267212 319.9167775  21.9845695
256.5362854 431.1283569 319.9841141  21.9834523
790.7345581 430.2450256 319.8695115  21.9835682
418.7540283 432.2169189 319.9493130  21.9832181
103.2425385 423.2022095 320.0170015  21.9850435
 74.5775528 426.6552124 320.0231506  21.9843609
233.8756256 425.8442078 319.9889762  21.9845042
206.3740540 420.6804199 319.9948768  21.9855328
913.0025635 423.9468994 319.8432818  21.9848053
842.6295166 425.0268250 319.8583790  21.9845987
258.4920044 448.1333008 319.9836924  21.9800751
1022.8359985 422.5982666 319.8197192  21.9850609
472.8967590 424.1163635 319.9376987  21.9848207
601.0285645 423.5159302 319.9102104  21.9849257
182.1134796 420.7659607 320.0000815  21.9855185
707.2690430 417.0914307 319.8874191  21.9861896
677.6912231 417.0341492 319.8937646  21.9862043
433.8811035 412.8497009 319.9460702  21.9870625
1012.1657715 415.0348206 319.8220092  21.9865641
1005.3536987 410.5027161 319.8234712  21.9874649
784.1844482 416.9507446 319.8709183  21.9862090
415.0984497 415.8604736 319.9500993  21.9864667
261.7790833 414.4066772 319.9829914  21.9867725
255.9570923 412.5145264 319.9842406  21.9871489
175.8301392 416.9207153 320.0014299  21.9862828
979.7099609 410.8701782 319.8289726  21.9873947
280.8190613 413.8525696 319.9789068  21.9868804
662.6266479 411.1155701 319.8969971  21.9873814
 98.9726105 409.2595520 320.0179193  21.9878128
933.5239868 407.1643982 319.8388814  21.9881358
677.3850098 406.6092224 319.8938315  21.9882746
369.0556335 406.4147644 319.9599781  21.9883476
140.9294434 446.3560181 320.0089136  21.9804412
610.2036743 412.9975586 319.9082433  21.9870135
1009.7962036 400.8616333 319.8225194  21.9893790
 67.7218018 400.9417725 320.0246246  21.9894681
833.0630493 400.3005066 319.8604344  21.9895101
806.1592407 397.5716553 319.8662064  21.9900550
253.5705109 399.6617737 319.9847542  21.9897016
451.2196960 387.6228333 319.9423536  21.9920703
463.3557739 386.4939880 319.9397502  21.9922932
140.7019043 396.9213867 320.0089685  21.9902584
1022.5314941 394.8883667 319.8197880  21.9905638
558.1273193 396.2451477 319.9194174  21.9903461
620.8131714 393.0967102 319.9059697  21.9909644
121.4601364 395.0821533 320.0130967  21.9906258
 23.3563423 387.7559509 320.0341441  21.9920916
 30.4625893 379.1214905 320.0326206  21.9938055
184.9938202 395.4677429 319.9994667  21.9905421
 63.0673637 394.7487793 320.0256239  21.9906985
658.2404785 393.6707458 319.8979403  21.9908462
657.7701416 389.4213257 319.8980417  21.9916902
 99.2608490 390.9014282 320.0178597  21.9914585
159.7212982 385.2599792 320.0048897  21.9925721
731.6840210 383.8199768 319.8821855  21.9927943
123.8851700 387.1048889 320.0125775  21.9922097
 54.6173935 386.3772888 320.0274377  21.9923619
428.4760437 382.1268921 319.9472336  21.9931643
553.3644409 383.4363708 319.9204408  21.9928903
252.8911438 380.4946594 319.9849024  21.9935080
524.8377075 382.5135803 319.9265608  21.9930768
976.4730835 378.9969482 319.8296709  21.9937248
 84.2680283 378.4632568 320.0210777  21.9939303
589.1389160 372.1391296 319.9127674  21.9951299
226.2055206 375.7979126 319.9906279  21.9944437
 72.9585114 375.4436035 320.0235043  21.9945312
421.2756042 374.3323059 319.9487792  21.9947130
1006.6972656 374.0125427 319.8231875  21.9947113
857.2605591 372.5818176 319.8552467  21.9950121
203.2447662 371.1161804 319.9955543  21.9953760
361.4476929 367.5673523 319.9616151  21.9960632
913.1105347 368.0473328 319.8432656  21.9959063
763.1478271 363.2916565 319.8754380  21.9968675
 97.9817581 367.3255310 320.0181370  21.9961406
100.5358810 362.0548401 320.0175898  21.9971870
789.8381348 374.8812561 319.8697107  21.9945629
391.2028809 365.6390076 319.9552319  21.9964428
341.1997681 366.4031677 319.9659591  21.9962966
787.4346924 362.5202332 319.8702278  21.9970180
717.1809692 363.3901978 319.8852994  21.9968530
449.9289551 362.4942017 319.9426336  21.9970608
938.3449707 360.8507385 319.8378529  21.9973327
319.5454407 362.8900452 319.9706051  21.9969967
597.5044556 361.8219604 319.9109740  21.9971778
496.7120361 358.0215759 319.9325977  21.9979438
491.0048828 349.8524475 319.9338231  21.9995667
110.0066910 385.1292114 320.0155551  21.9926036
777.9161377 356.6429443 319.8722706  21.9981862
726.4058228 359.7684631 319.8833208  21.9975712
685.7253418 357.4635315 319.8920484  21.9980335
138.9434357 359.8588867 320.0093504  21.9976188
708.2376709 355.5947571 319.8872190  21.9984021
707.5843506 345.0574951 319.8873604  22.0004948
 54.8138313 356.7062988 320.0273993  21.9982542
579.4666748 351.8474426 319.9148450  21.9991607
 27.0869884 348.2221985 320.0333486  21.9999422
897.2565308 344.4766846 319.8466697  22.0005890
813.0507812 343.7770081 319.8647347  22.0007373
411.1845398 345.6055603 319.9509477  22.0004190
124.9298859 342.5053711 320.0123589  22.0010666
 91.2377319 345.3307190 320.0195866  22.0005093
831.0148315 337.1213989 319.8608816  22.0020570
 37.1045456 340.0837097 320.0312005  22.0015573
865.5330200 338.2426453 319.8534762  22.0018305
190.0198364 336.8420410 319.9983957  22.0021840
426.6235046 331.9468079 319.9476372  22.0031298
718.3082886 336.5402527 319.8850609  22.0021850
634.7176514 337.0650940 319.9029937  22.0020901
311.7872925 336.0529175 319.9722728  22.0023271
 42.0857582 334.8007202 320.0301326  22.0026059
989.8974609 332.1609192 319.8267968  22.0030244
997.1441650 325.1678162 319.8252430  22.0044124
919.3460083 323.2152405 319.8419335  22.0048088
786.4456177 333.9490967 319.8704435  22.0026920
553.1336670 324.1669312 319.9204977  22.0046607
272.7903137 331.3737183 319.9806394  22.0032607
226.0271759 331.0957336 319.9906717  22.0033211
875.9689331 328.2916260 319.8512386  22.0038055
585.0729980 326.0731201 319.9136454  22.0042785
  2.2888725 161.0703125 320.0386918  22.0371113
 29.4877758 246.2093811 320.0328462  22.0202006
  7.1981273 292.9420166 320.0376223  22.0109225
  9.6037369 258.3283081 320.0371105  22.0177961
532.5061646 327.2783203 319.9249225  22.0040451
289.1693420 323.8431091 319.9771265  22.0047544
  3.2625716 324.5245972 320.0384627  22.0046509
831.3044434 311.8368225 319.8608226  22.0070783
818.1423950 301.3034973 319.8636476  22.0091715
346.6060486 324.5308533 319.9648044  22.0046114
710.6504517 322.9340210 319.8867054  22.0048879
370.3829041 284.2386169 319.9597085  22.0126104
367.8576355 303.3310852 319.9602479  22.0088191
256.0087280 321.9713440 319.9842408  22.0051298
108.5973816 320.9061890 320.0158654  22.0053578
775.1218872 318.6119690 319.8728747  22.0057391
477.0014648 320.9747620 319.9368309  22.0053031
735.8137817 317.2382507 319.8813078  22.0060162
740.7882690 311.9572449 319.8802412  22.0070644
747.7077637 306.1560669 319.8787575  22.0082157
619.5191650 316.7467346 319.9062568  22.0061268
586.8590698 315.1788635 319.9132636  22.0064418
1004.6390381 315.3770447 319.8236363  22.0063559
723.0582886 314.8367920 319.8840445  22.0064946
385.0513000 318.3937988 319.9565575  22.0058259
442.1479492 312.8457947 319.9443091  22.0069213
416.7352905 306.4284973 319.9497617  22.0081985
341.0169373 308.9212952 319.9660054  22.0077119
463.3576660 308.3061829 319.9397595  22.0078204
354.1290283 305.0035095 319.9631929  22.0084885
168.3010406 302.4624329 320.0030593  22.0090138
941.8112793 302.3019104 319.8371165  22.0089595
566.6857910 300.4023438 319.9175932  22.0093785
 31.4103775 301.8411560 320.0324269  22.0091525
981.2193604 299.6832886 319.8286626  22.0094751
147.8379974 296.6026001 320.0074500  22.0101798
433.2508545 299.6298218 319.9462194  22.0095468
723.3285522 297.5265503 319.8839887  22.0099322
886.0410767 285.9402466 319.8490831  22.0122149
906.7383423 289.2630005 319.8446424  22.0115528
895.5770874 283.4055481 319.8470376  22.0127172
706.0014038 296.9996338 319.8877060  22.0100387
608.1044922 293.1405029 319.9087085  22.0108160
498.7662964 290.6056213 319.9321654  22.0113316
507.1951904 287.6333923 319.9303575  22.0119209
231.7938843 295.1427917 319.9894390  22.0104604
289.8126831 293.7247620 319.9769923  22.0107355
201.8715363 294.0042114 319.9958584  22.0106898
164.1336212 289.2384949 320.0039550  22.0116404
173.2820892 285.4440002 320.0019929  22.0123930
379.7709045 294.8783875 319.9576932  22.0104964
865.0011597 290.8468933 319.8535962  22.0112429
582.2299805 287.2286072 319.9142602  22.0119930
851.8097534 287.1564331 319.8564266  22.0119772
476.7028198 285.3690796 319.9368994  22.0123740
961.5057983 285.3967590 319.8328935  22.0123145
721.9762573 284.6260376 319.8842804  22.0124942
321.9787292 285.7177734 319.9700926  22.0123220
869.6469727 286.0606995 319.8526001  22.0121928
763.0268555 285.6906128 319.8754736  22.0122782
193.0901947 281.1061096 319.9977439  22.0132522
681.5726318 281.5445251 319.8929487  22.0131107
280.1567078 281.9670410 319.9790652  22.0130715
 43.3109932 281.9907837 320.0298763  22.0130932
257.4858704 280.1020203 319.9839291  22.0134444
 60.1724014 276.4566650 320.0262596  22.0141904
781.8231201 275.8228149 319.8714424  22.0142358
423.1788940 270.8628845 319.9483838  22.0152608
651.5726318 274.1256714 319.8993855  22.0145873
 16.6735649 204.4346466 320.0356005  22.0284980
697.3825073 274.6243896 319.8895578  22.0144832
448.9906921 274.5188293 319.9428458  22.0145318
245.3162079 272.6401978 319.9865408  22.0149276
748.2844238 273.2799683 319.8786379  22.0147445
305.7572632 269.0599365 319.9735747  22.0156319
477.9963684 272.9817200 319.9366234  22.0148339
796.4935913 270.6614990 319.8682958  22.0152591
356.5643311 259.8425903 319.9626761  22.0174567
999.9931030 271.4815063 319.8246385  22.0150736
961.9744263 267.6268005 319.8327952  22.0158433
537.8286133 246.2088318 319.9237908  22.0201440
531.3058472 261.5975647 319.9251882  22.0170887
523.4020996 262.4974976 319.9268837  22.0169109
718.7402954 267.3683472 319.8849768  22.0159218
274.4685974 263.9759827 319.9802878  22.0166450
153.0652466 267.4528809 320.0063322  22.0159681
656.1880493 262.5547791 319.8983968  22.0168847
646.4462280 258.1022339 319.9004873  22.0177700
774.8209839 263.0680237 319.8729462  22.0167695
685.0415039 264.0581970 319.8922066  22.0165829
389.9766846 263.4040833 319.9555076  22.0167457
196.1053925 260.1127930 319.9970997  22.0174209
 67.8825684 259.5545959 320.0246076  22.0175461
 62.4415741 255.5871582 320.0257754  22.0183346
978.3240967 260.9279480 319.8292885  22.0171718
792.7276001 257.6853333 319.8691053  22.0178365
821.1986694 258.1078186 319.8629973  22.0177494
867.2929688 257.4986267 319.8531087  22.0178652
574.0974121 256.7731628 319.9160086  22.0180420
891.9641113 256.0704651 319.8478161  22.0181461
885.9749756 251.8293152 319.8491015  22.0189890
719.8153076 255.1950378 319.8847476  22.0183391
725.9958496 253.0176239 319.8834220  22.0187709
584.3742065 256.2964783 319.9138040  22.0181355
583.1687012 251.9680328 319.9140631  22.0189952
 87.2697067 252.5055084 320.0204494  22.0189438
907.9251099 255.0579529 319.8443921  22.0183454
693.1484985 253.7382355 319.8904687  22.0186314
929.7542725 254.1696777 319.8397091  22.0185194
 41.3204346 185.6154327 320.0303152  22.0322326
738.3089600 252.4291077 319.8807805  22.0188864
745.6232910 248.9202118 319.8792118  22.0195824
219.6961517 247.9059143 319.9920402  22.0198425
625.0184937 247.5225372 319.9050856  22.0198734
235.4206543 246.4583588 319.9886670  22.0201282
168.2917328 270.8042297 320.0030653  22.0153008
209.2743683 241.7818604 319.9942768  22.0210598
997.9997559 242.3777466 319.8250697  22.0208535
1002.6490479 258.9357910 319.8240702  22.0175647
610.2655029 242.0287628 319.9082512  22.0209660
323.9765930 242.4828949 319.9696694  22.0209078
984.8186646 234.5530243 319.8278985  22.0224089
454.7525330 238.7878113 319.9416142  22.0216270
537.2474976 233.5294952 319.9239170  22.0226621
326.6980896 235.9260864 319.9690863  22.0222096
291.4987793 236.7592468 319.9766376  22.0220481
1016.5521851 231.5892944 319.8210910  22.0229939
731.1168823 232.3413086 319.8823259  22.0228764
620.1629028 235.0840912 319.9061288  22.0223441
110.2738876 231.6998749 320.0155168  22.0230730
959.4978027 232.9152832 319.8333308  22.0227369
711.9796753 233.0102386 319.8864314  22.0227457
496.0215149 231.3732452 319.9327616  22.0230949
835.8255005 232.1676178 319.8598626  22.0228992
453.1422424 228.9064178 319.9419609  22.0235895
141.2533417 227.5746155 320.0088712  22.0238888
697.7030029 225.2785950 319.8894952  22.0242827
548.4190063 222.7847137 319.9215217  22.0247946
224.0901947 225.4743347 319.9911003  22.0242966
813.6938477 222.5606842 319.8646117  22.0248095
441.5798340 220.1746368 319.9444424  22.0253249
299.7957764 222.5868225 319.9748594  22.0248616
160.2682190 219.1550903 320.0047930  22.0255587
952.8680420 217.2292633 319.8347550  22.0258528
922.5297241 218.2120972 319.8412635  22.0256610
283.0713806 218.5136566 319.9784478  22.0256724
802.7387085 217.4432831 319.8669626  22.0258270
504.1991577 214.6867981 319.9310093  22.0264077
219.2210388 212.2011108 319.9921466  22.0269331
237.2995300 212.5755005 319.9882681  22.0268567
236.6593475 204.8720398 319.9884064  22.0283866
231.7202911 196.7899170 319.9894670  22.0299922
207.5424652 213.3797913 319.9946518  22.0267003
 74.5228348 207.1053009 320.0231896  22.0279612
538.0044556 218.4876862 319.9237565  22.0256491
393.9845276 210.3845367 319.9546544  22.0272744
467.5721436 209.5976105 319.9388676  22.0274224
557.6217041 207.2549438 319.9195493  22.0278776
437.7732239 204.8391113 319.9452610  22.0283707
138.4382935 205.8006592 320.0094778  22.0282132
119.3025513 206.0809174 320.0135830  22.0281597
795.5888672 211.2163544 319.8684972  22.0270644
 88.9934464 206.6877899 320.0200852  22.0280425
346.1689453 205.9781494 319.9649129  22.0281548
655.5885620 204.6077118 319.8985326  22.0283924
786.5239258 203.2590790 319.8704429  22.0286456
399.6587830 196.2481689 319.9534388  22.0300811
1002.3009033 201.3593140 319.8241521  22.0289989
304.4895935 199.7324677 319.9738552  22.0293997
130.7503204 199.4663391 320.0111279  22.0294720
 95.7863998 196.6186523 320.0186292  22.0300414
868.2938232 197.9930573 319.8529013  22.0296823
269.1503906 197.2324829 319.9814370  22.0299001
201.3109589 195.4732056 319.9959909  22.0302571
484.5362854 196.1808472 319.9352299  22.0300850
587.7234497 194.8724976 319.9130931  22.0303333
329.4688416 195.2009277 319.9684970  22.0302969
857.0945435 190.7046509 319.8553048  22.0311309
116.0101547 191.9088135 320.0142911  22.0309744
343.9931030 191.3332214 319.9653815  22.0310633
971.8767700 186.7253113 319.8306808  22.0319084
979.5278320 178.5971680 319.8290405  22.0335217
474.5168762 189.0800934 319.9373802  22.0314962
593.0523071 183.0845795 319.9119513  22.0326737
901.9333496 187.6063385 319.8456858  22.0317412
988.4810791 184.3998718 319.8271190  22.0323684
294.2965698 183.9573364 319.9760439  22.0325336
791.7886353 180.4781799 319.8693163  22.0331691
509.7045593 182.6087494 319.9298322  22.0327774
1022.5569458 182.6080627 319.8198088  22.0327204
 46.2615204 175.8982697 320.0292564  22.0341617
445.3335266 175.3838806 319.9436427  22.0342194
417.0007324 178.7522125 319.9497206  22.0335536
169.9621277 173.1079865 320.0027190  22.0347021
152.2033844 177.1102753 320.0065283  22.0339092
784.8762207 326.1026917 319.8707812  22.0042504
360.1857300 175.0695496 319.9619097  22.0342913
779.5861816 173.5303955 319.8719350  22.0345502
248.9936066 173.3601227 319.9857642  22.0346432
509.7752075 172.9833374 319.9298182  22.0346889
530.7078857 171.3850708 319.9253277  22.0350040
466.9395142 170.8515015 319.9390081  22.0351171
231.4446716 171.2457123 319.9895293  22.0350650
267.8414001 171.0706024 319.9817210  22.0350958
103.6941605 167.6655579 320.0169363  22.0357903
348.7843323 166.8269348 319.9643567  22.0359295
759.9776611 167.0361938 319.8761425  22.0358421
511.0776367 164.0898285 319.9295399  22.0364549
571.3970337 166.1865082 319.9165992  22.0360318
1019.6562500 325.9714050 319.8204133  22.0042503
1013.9817505 157.8307190 319.8216516  22.0376419
997.9471436 162.4516602 319.8250909  22.0367260
636.4650269 162.3980103 319.9026405  22.0367769
876.8721313 158.0926208 319.8510659  22.0376051
936.2849121 160.1822357 319.8383197  22.0371835
934.6670532 152.2630463 319.8386678  22.0387564
271.4150696 159.2656097 319.9809558  22.0374397
181.5794220 157.5312042 320.0002287  22.0377942
 62.2699165 157.6229401 320.0258244  22.0377892
406.8250427 157.5651550 319.9519062  22.0377623
217.3221741 157.7527313 319.9925607  22.0377462
314.4476929 155.9293060 319.9717243  22.0380975
476.0909729 155.3771515 319.9370467  22.0381891
792.1146851 153.5626526 319.8692497  22.0385142
908.0141602 150.5741119 319.8443859  22.0390948
397.7256470 138.1465912 319.9538608  22.0416196
114.3453598 148.0800171 320.0146537  22.0396786
706.1199341 148.0305481 319.8876990  22.0396224
489.6419983 146.4897766 319.9341407  22.0399525
604.0914307 144.5069580 319.9095879  22.0403335
800.3416138 139.1076660 319.8674866  22.0413839
226.5285950 141.9005585 319.9905876  22.0408932
425.1062317 136.2426910 319.9479870  22.0419947
433.6370850 138.5992126 319.9461565  22.0415257
438.6579895 133.7790527 319.9450800  22.0424824
746.9074707 139.0571289 319.8789499  22.0413999
546.5701904 137.8145752 319.9219289  22.0416690
853.7124634  87.8622665 319.8560431  22.0515547
871.5833130 122.5906830 319.8522050  22.0446560
510.6116028 136.0838318 319.9296433  22.0420167
 47.6525421 136.0348358 320.0289630  22.0420780
 53.5134964 132.6969299 320.0277060  22.0427403
811.8301392 134.1278687 319.8650225  22.0423715
757.7893066 135.2400513 319.8766159  22.0421567
673.9756470 135.0933533 319.8945966  22.0421952
351.8439026 135.7813873 319.9637042  22.0420945
176.0163269 132.5835419 320.0014252  22.0427491
168.4668427 127.0635300 320.0030455  22.0438462
 71.1434937 126.5857697 320.0239246  22.0439519
213.0072479 129.8808441 319.9934898  22.0432817
921.4218140 126.8771820 319.8415125  22.0437992
621.1565552 130.3048401 319.9059286  22.0431520
276.6677856 127.9285049 319.9798328  22.0436623
591.1594238 124.9810104 319.9123646  22.0442126
 39.7894974 125.7049026 320.0306511  22.0441303
759.4979248 127.1899796 319.8762503  22.0437552
191.1875305 125.0008926 319.9981715  22.0442533
113.0097961 126.2817993 320.0149429  22.0440076
629.2301636 124.7644043 319.9041972  22.0442514
319.9977722 125.5066757 319.9705374  22.0441385
146.2336121 124.8215485 320.0078155  22.0442939
  2.0221500 122.5314713 320.0387538  22.0447648
  5.7509246 118.5924225 320.0379544  22.0455466
934.0490112 118.3755493 319.8388046  22.0454862
259.7362671 116.3173294 319.9834666  22.0459701
350.3774109 118.9612503 319.9640209  22.0454349
705.0195923 116.1061478 319.8879391  22.0459624
856.9044189 101.2043457 319.8553567  22.0489048
833.2876587 112.6451721 319.8604219  22.0466354
342.3287354 112.6494217 319.9657483  22.0466893
 36.4638901 111.3164749 320.0313663  22.0469881
  4.0533628 111.5974045 320.0383194  22.0469359
160.7479706 109.1690903 320.0047037  22.0474007
625.0048218 150.2412415 319.9051006  22.0391924
529.3054810 109.7451477 319.9256362  22.0472452
541.2170410 108.9873886 319.9230808  22.0473943
535.0804443 107.2049561 319.9243976  22.0477490
681.4097900 108.2310333 319.8930051  22.0475289
 18.5837555 105.2017746 320.0352030  22.0482044
697.8203735 103.1368484 319.8894851  22.0485387
699.9990234  99.5040588 319.8890182  22.0492599
703.9359741  97.5158463 319.8881738  22.0496543
647.5333252  98.5642776 319.9002739  22.0494524
 91.0606995  99.9080811 320.0196550  22.0492476
384.2001038  96.2162476 319.9567676  22.0499481
300.8833313 100.9303131 319.9746412  22.0490212
 79.5357285 100.1374893 320.0221274  22.0492033
330.0022583  91.3269348 319.9683954  22.0509251
458.3618164  93.0850525 319.9408579  22.0505616
411.7719116  96.7277298 319.9508525  22.0498434
230.2641602  96.7496872 319.9897918  22.0498593
937.6583862  93.6236572 319.8380333  22.0504012
819.5237427  94.9895172 319.8633768  22.0501431
1004.3501587  86.6836853 319.8237267  22.0517720
994.9378052  91.7487869 319.8257453  22.0507672
988.0148315  90.5097351 319.8272306  22.0510140
142.9080658  94.9427567 320.0085327  22.0502279
243.6978607  89.6848831 319.9869107  22.0512608
277.7231445  91.2633438 319.9796110  22.0509435
 25.4580002  90.7598267 320.0337300  22.0510717
715.5018311  88.2499008 319.8856937  22.0514932
734.6651001  85.4751892 319.8815829  22.0520420
229.9987640  81.7195511 319.9898506  22.0528442
379.8610229  83.0346756 319.9577001  22.0525663
357.0095520  83.1953278 319.9626025  22.0525369
695.5358276  81.8795013 319.8899779  22.0527605
580.9439697  78.7153473 319.9145619  22.0534016
136.9627991  75.5448914 320.0098105  22.0540807
 30.1569958  79.0916977 320.0327234  22.0533883
195.7870026  77.4280777 319.9971906  22.0537002
624.5110474  76.0428162 319.9052157  22.0539275
353.5686035  70.6512909 319.9633422  22.0550284
599.0065308  65.4038849 319.9106885  22.0560431
584.5941772  69.0069427 319.9137800  22.0553292
233.0492706  68.0965271 319.9891978  22.0555492
720.4366455  65.6710510 319.8846379  22.0559765
647.6858521  64.7184525 319.9002454  22.0561738
366.6490173  63.9790154 319.9605369  22.0563520
 76.4016571  58.4529114 320.0228050  22.0574818
762.4088135  64.2186356 319.8756337  22.0562603
393.4849854  65.1405716 319.9547796  22.0561183
165.7223206  62.9512939 320.0036423  22.0565785
586.4996338  62.2652779 319.9133721  22.0566678
297.9035645  60.2244148 319.9752855  22.0571053
204.3642578  61.5994797 319.9953525  22.0568426
812.0672607  60.3490944 319.8649808  22.0570232
890.1737671  57.7565536 319.8482248  22.0575293
357.9771118  58.9886131 319.9623979  22.0573440
941.5458374  56.4559288 319.8372040  22.0577819
245.2283325  57.5507851 319.9865863  22.0576421
121.0067062  57.2610703 320.0132359  22.0577135
 28.8123894  56.6655617 320.0330146  22.0578420
303.3970642  48.3897629 319.9741084  22.0594549
 36.9998360  52.4680405 320.0312587  22.0586747
283.7008362  50.4097633 319.9783336  22.0590560
770.3272705  49.7026024 319.8739367  22.0591421
712.3860474  46.1640015 319.8863674  22.0598513
250.9804230  47.5318222 319.9853536  22.0596311
247.4587250  46.5101585 319.9861092  22.0598344
209.9110413  51.4623146 319.9941638  22.0588552
670.8567505  43.0657043 319.8952771  22.0604712
364.9583435  42.8117828 319.9609022  22.0605558
 61.6067848  41.4688721 320.0259810  22.0608563
478.1583862  40.8152847 319.9366174  22.0609396
126.8209381  41.6836624 320.0119905  22.0608064
696.6034546  39.6497841 319.8897541  22.0611467
965.2190552  38.2770271 319.8321275  22.0613894
172.2107544  38.5116501 320.0022533  22.0614312
 73.5066681  36.5924759 320.0234287  22.0618234
801.2791748  36.3445511 319.8672982  22.0617914
810.2882080 1021.6276855 319.8652433  21.8661237
950.3121948  32.8561935 319.8353262  22.0624676
359.5006104  33.3942528 319.9620742  22.0624266
974.3718872 1016.7239990 319.8300426  21.8670792
742.1063843  29.1267204 319.8799935  22.0632314
255.6848755  27.6489925 319.9843468  22.0635791
 23.1627445  32.6873436 320.0342296  22.0626045
623.9954834 1015.9440918 319.9052098  21.8672732
883.3006592  24.1005764 319.8497034  22.0642138
736.2202759  21.9161911 319.8812572  22.0646640
 88.2315826  21.9755611 320.0202716  22.0647245
617.4172974  21.3551445 319.9067443  22.0647887
482.8275757 1006.0084839 319.9354960  21.8692620
 28.0716763  17.4032001 320.0331784  22.0656392
871.8548584  18.1819572 319.8521597  22.0653905
628.9523926  16.8702278 319.9042702  22.0656781
127.4151230 1017.3692627 320.0117420  21.8670455
799.0286865 1015.8770752 319.8676595  21.8672670
222.8865509 1013.5682983 319.9912608  21.8677897
119.7508011 1013.4782104 320.0133868  21.8678191
895.6840210 1012.2792358 319.8469243  21.8679707
452.3082275 1009.8789062 319.9420429  21.8684968
524.6058350 1008.2189331 319.9265330  21.8688184
673.5603638 1022.5158691 319.8945757  21.8659626
701.1576538 1004.0354614 319.8886575  21.8696295
604.3731079 1005.1478882 319.9094207  21.8694194
168.9861450 1004.0618896 320.0028254  21.8696836
315.7423096  10.4203281 319.9714647  22.0669939
528.9768677 1001.9806519 319.9255960  21.8700568
 31.2516479 1003.0417480 320.0323740  21.8699015
341.3342285 1010.3402710 319.9658504  21.8684175
1011.1968994 1000.0172119 319.8221446  21.8703929
252.2605896 993.6243896 319.9849616  21.8717471
699.1293945 997.4011230 319.8890934  21.8709472
101.3733292 998.8391113 320.0173311  21.8707283
828.6370239 996.8244629 319.8613099  21.8710473
902.7875977 994.7423706 319.8454025  21.8714525
525.8924561 994.3128662 319.9262587  21.8715798
