  Table : gident_346.tfits 
 Sequence  CENTER       INT        FWHM       FLUX      
 -------- ------------ ---------- ---------- ----------
        1  3142.676758   46.09760    0.07302    1.54739
        2  3143.375732   29.16128    0.06373    1.02594
        3  3143.682373   32.40435    0.12359    1.09729
        4  3144.085693   48.72900    0.09538    1.95360
        5  3145.514160   67.03481    0.08355    2.22973
        6  3145.924805   43.12333    0.06545    1.50563
        7  3147.214844   29.65050    0.04136    0.86470
        8  3147.787354   46.87756    0.09094    1.73710
        9  3147.985352   27.22507    0.06589    0.91105
       10  3148.199463   48.95406    0.06558    1.53838
       11  3150.487305   39.25487    0.12280    1.31000
       12  3150.696533   26.48380    0.07166    0.88764
       13  3150.911377   43.60234    0.08180    1.50381
       14  3153.661621   23.57990    0.16319    0.77704
       15  3153.835938   23.98735    0.05981    0.80709
       16  3154.078857   33.04528    0.08747    1.25770
       17  3164.051758   27.97645    0.04504    1.06267
       18  3169.609619   24.62984    0.09226    0.82338
       19  3171.659424   22.87792    0.08978    0.79463
       20  3209.482666   32.68664    0.08189    1.08302
       21  3209.766602   27.10548    0.28480    0.91398
       22  3210.760254   25.88823    0.06037    0.88232
       23  3211.751953   33.16486    0.10430    1.27540
       24  3211.979492   21.87175    0.08224    0.70916
       25  3212.183350   39.44051    0.08888    1.39146
       26  3213.602539   36.18495    0.08085    1.31914
       27  3213.808350   21.60758    0.06839    0.76307
       28  3214.034668   34.09688    0.07389    1.13448
       29  3215.884766   31.11497    0.09007    1.05947
       30  3216.075439   17.71808    0.08558    0.62738
       31  3216.311768   33.19073    0.08306    1.11901
       32  3218.574707   23.28710    0.08205    0.73301
       33  3218.639648   20.21218    0.07580    0.57102
       34  3218.789795   16.19419    0.06666    0.51557
       35  3219.034912   29.00671    0.07467    1.11935
       36  3221.721680   21.64105    0.06484    0.78100
       37  3221.894287   18.92925    0.22242    0.48676
       38  3222.201660   17.85936    0.12817    0.70798
       39  3229.870605   21.29176    0.06376    0.68437
       40  3236.304688   14.37963    0.06130    0.49559
       41  3236.502441   16.33136    0.06167    0.54351
       42  3238.817139   14.11135    0.08497    0.42797
       43  3258.510010   12.63986    0.10859    0.41826
       44  3258.725098   12.28941    0.06627    0.43013
       45  3258.867920   17.76428    0.07877    0.69433
       46  3260.351807   11.93017    0.05063    0.41081
       47  3260.523682   19.74797    0.08611    0.64246
       48  3260.972412   10.78359    0.06599    0.36093
       49  3262.267578   19.91712    0.06450    0.74004
       50  3262.473877   15.43165    0.06039    0.55824
       51  3262.695312   20.75916    0.10661    0.83250
       52  3264.966064   19.55019    0.08025    0.68531
       53  3265.161621   14.67334    0.10722    0.59779
       54  3265.382080   21.98930    0.06274    0.86007
       55  3267.065186   12.90783    0.08665    0.48531
       56  3268.623047   25.96976    0.07256    1.05075
       57  3271.892090   20.85346    0.26941    0.73372
       58  3276.115234   18.17829    0.08254    0.82372
       59  3276.334717   18.97957    0.08251    0.86045
       60  3280.883545   10.79111    0.05722    0.45798
       61  3281.001221    7.92979    0.04804    0.29208
       62  3281.135498   12.47922    0.12790    0.54003
       63  3281.398438   10.14572    0.22750    0.42328
       64  3281.595459    8.92736    0.10519    0.33131
       65  3281.798828    7.03336    0.06102    0.25848
       66  3285.747803   16.25430    0.08648    0.69258
       67  3286.704834   15.69564    0.10762    0.62030
       68  3286.945068    9.69174    0.06744    0.33224
       69  3287.174561   14.53916    0.05979    0.53239
       70  3288.578613   14.52768    0.07843    0.53567
       71  3288.816650    9.09412    0.07740    0.37296
       72  3289.028564   13.12467    0.06482    0.55427
       73  3290.877930   13.15653    0.06651    0.58129
       74  3292.840576   17.52893    0.03320    0.55253
       75  3293.126709   17.89906    0.05909    0.70154
       76  3295.237793   21.58994    0.12075    0.93485
       77  3295.456055   18.84770    0.08522    0.69773
       78  3295.656006   21.28632    0.08916    0.94800
       79  3297.191650   31.65725    0.09450    1.27617
       80  3297.632080   24.76225    0.11310    1.04391
       81  3299.614258   22.62016    0.09700    0.97436
       82  3300.062012   23.09370    0.09075    1.04386
       83  3302.520020   17.38976    0.29693    0.64575
       84  3302.701660   13.95296    0.08478    0.58135
       85  3302.960449   22.44642    0.07356    0.98858
       86  3305.855225   17.65320    0.09217    0.73401
       87  3306.077393   13.58530    0.06780    0.58006
       88  3306.343750   17.95746    0.07749    0.84022
       89  3309.683838   13.74057    0.06699    0.59249
       90  3309.917480   10.91239    0.07324    0.45084
       91  3310.162598   18.84905    0.10264    0.83381
       92  3310.420654   11.90436    0.08744    0.48370
       93  3310.859375   11.74581    0.05723    0.47966
       94  3311.440430    9.46076   -0.06130    0.36651
       95  3313.075684    9.96281    0.07156    0.37901
       96  3313.285645    9.97334    0.18301    0.41017
       97  3314.001709   11.30459    0.08588    0.48697
       98  3314.117188   16.20837    0.04743    0.69376
       99  3319.086426   17.76242    0.09415    0.78675
      100  3323.848389   16.56324    0.09354    0.75177
      101  3326.527100   11.65066    0.08554    0.51387
      102  3328.136230   11.28710    0.10478    0.50110
      103  3328.811279    6.45122    0.04993    0.33375
      104  3330.150879   10.87255    0.07002    0.46500
      105  3330.611084   11.54676    0.12598    0.48575
      106  3333.154053    9.39391    0.08399    0.38530
      107  3334.815430    8.86155    0.08590    0.34120
      108  3335.888916    9.64336    0.07022    0.41664
      109  3368.497803   16.57968    0.07374    0.80121
      110  3368.895996   15.77418    0.12574    0.76694
      111  3369.061279   17.98888    0.06584    0.89817
      112  3369.464355   12.23462    0.11530    0.58604
      113  3370.113037   18.44281    0.11222    0.86798
      114  3370.354492   13.51598    0.06077    0.60063
      115  3370.567383   20.22058    0.07945    1.00955
      116  3372.065674   23.31264    0.08420    1.21743
      117  3372.335449   13.78396    0.09728    0.65998
      118  3372.541260   18.26718    0.08751    0.88694
      119  3373.191650   10.54615    0.10624    0.43267
      120  3373.586670   12.14880    0.06057    0.57239
      121  3374.507080   21.76250    0.10457    1.12708
      122  3374.750977   10.48873    0.05830    0.47922
      123  3374.965088   18.59760    0.10237    0.88798
      124  3375.944092    9.86936    0.11475    0.52413
      125  3376.392822   10.01774    0.13699    0.55331
      126  3377.408936   12.54873    0.11635    0.59147
      127  3377.465088   11.89799    0.09760    0.58061
      128  3377.614990   12.54891    0.08088    0.62144
      129  3377.895264   16.69707    0.10936    0.77517
      130  3377.996826   11.73303    0.04763    0.57200
      131  3379.753662    9.10822    0.07867    0.46581
      132  3380.752441    9.83443    0.03023    0.45585
      133  3380.856445    9.24298    0.09030    0.45054
      134  3380.991943    7.82248    0.07407    0.36986
      135  3381.263184   13.89350    0.10927    0.69999
      136  3381.702148    9.96648    0.08038    0.50358
      137  3381.850830    7.75383    0.06249    0.39321
      138  3383.766602    8.24238    0.07537    0.38128
      139  3384.594971    8.90621    0.09111    0.38513
      140  3384.741699    9.23281    0.00503    0.46909
      141  3385.121094   11.68480    0.09317    0.58239
      142  3385.463867    7.74288    0.11896    0.37598
      143  3420.329834    9.82704    0.09246    0.49784
      144  3420.805176   10.34659    0.07637    0.61522
      145  3423.204590   10.25292    0.06924    0.55484
      146  3423.692139    9.60734    0.07197    0.57168
      147  3430.617188    7.73484    0.09545    0.42068
      148  3431.105957    7.60750    0.08107    0.43755
      149  3434.593506    6.44015    0.08027    0.36293
      150  3435.323486    7.40329    0.08412    0.45486
      151  3435.661621    8.35439    0.32308    0.43373
      152  3449.851318    8.34926    0.07781    0.48312
      153  3450.666992    6.90153    0.05484    0.42898
      154  3451.287109    9.72894    0.07298    0.61172
      155  3451.521729    7.52978    0.08469    0.41237
      156  3451.713867    9.43317    0.09363    0.58230
      157  3452.739746    9.45629    0.12811    0.58314
      158  3453.003662    6.54442    0.06645    0.38454
      159  3453.239502    9.42746    0.08590    0.58818
      160  3454.465332    6.93544    0.15755    0.38944
      161  3454.727539   10.51009    0.07025    0.62390
      162  3454.960938    6.66976    0.08819    0.41373
      163  3455.222656    8.73668    0.09610    0.49002
      164  3456.088623    7.10640    0.04236    0.42434
      165  3456.967529    5.70116    0.08524    0.32182
      166  3457.173828    9.05668    0.13853    0.55415
      167  3457.407959    7.26119    0.08919    0.44568
      168  3457.681152   10.43698    0.08040    0.62447
      169  3460.102783    7.25997    0.21758    0.43689
      170  3460.338135    5.17320    0.11770    0.33556
      171  3460.612549    9.03991    0.08721    0.52172
      172  3464.042236    6.86822    0.09625    0.45539
      173  3477.959717    6.68465    0.06960    0.42508
      174  3478.267090    6.52398    0.11125    0.40927
      175  3478.738281    7.86730    0.09019    0.52147
      176  3479.029297    5.89446    0.14327    0.35631
      177  3479.356934    7.54276    0.11089    0.46581
      178  3479.606689    8.61013    0.09977    0.54290
      179  3479.959717    8.30143    0.04374    0.53437
      180  3480.156982    7.53397    0.10278    0.48477
      181  3480.402344    6.48663    0.07579    0.41826
      182  3480.583008    5.41306    0.07958    0.36541
      183  3480.752197    6.87385    0.08937    0.46293
      184  3481.010010    7.46434    0.11028    0.50993
      185  3481.140137   10.09532    0.12306    0.65595
      186  3481.373779    6.87734    0.10549    0.39222
      187  3482.214600    8.07269    0.10337    0.50501
      188  3482.462891   11.10032    0.14851    0.74248
      189  3482.709961    6.68517    0.13533    0.45183
      190  3482.910400   10.59521    0.08643    0.70003
      191  3483.487549    7.69547    0.08980    0.49555
      192  3483.780273    7.26842    0.10440    0.50447
      193  3484.700195   11.66867    0.07960    0.77430
      194  3484.941895   11.38851    0.09463    0.73036
      195  3485.199463   15.83378    0.10277    1.08311
      196  3486.540283    7.58316    0.05961    0.51245
      197  3486.847656    8.60718    0.09676    0.54623
      198  3487.516113    9.86496    0.10698    0.60440
      199  3487.750488    8.09959    0.08084    0.52563
      200  3488.015137   11.26484    0.09868    0.79721
      201  3488.293213    6.52132    0.12688    0.42686
      202  3488.616211    8.75180    0.08566    0.54902
      203  3490.579590    9.95508    0.07487    0.64544
      204  3491.382568    9.88028    0.11510    0.63028
      205  3492.676025    8.20654    0.07146    0.54946
      206  3494.949951    9.05247    0.18923    0.64294
      207  3497.387451    7.02577    0.10690    0.44557
      208  3499.774170    8.16864    0.06639    0.53124
      209  3502.357422    5.69919    0.06714    0.43279
      210  3502.761963    6.84173    0.08024    0.46123
      211  3504.805908    5.46396    0.07402    0.36609
      212  3505.317627    4.30384    0.09890    0.28015
      213  3505.722168    6.57776    0.09238    0.41212
      214  3508.916748    6.26079    0.06056    0.45947
      215  3509.850586    5.76361    0.07852    0.41529
      216  3512.122314    5.80011    0.09969    0.41257
      217  3512.964600    4.69787    0.04689    0.31705
      218  3517.211670    9.56319    0.05747    0.64369
      219  3520.845947    7.88553    0.04277    0.44692
      220  3540.897461    6.56050    0.07431    0.44698
      221  3542.422607    9.12108    0.07817    0.68723
      222  3542.861328    7.59810    0.08580    0.56291
      223  3544.206299    8.97550    0.08763    0.72790
      224  3544.609863    8.53888    0.09634    0.61763
      225  3545.145020    8.61091    0.05768    0.61849
      226  3545.545898    6.45104    0.04791    0.43818
      227  3546.212158    8.83717    0.09041    0.66721
      228  3546.674072   10.07170    0.08760    0.77962
      229  3547.213135    6.50917    0.07561    0.40085
      230  3547.943848    8.47410    0.10991    0.62616
      231  3548.841064    5.83944    0.05695    0.42299
      232  3549.362549    6.52293    0.11797    0.49120
      233  3550.383301    7.57859    0.09471    0.53135
      234  3550.932617    7.02744    0.11295    0.55274
      235  3552.675537    6.95017    0.06972    0.56795
      236  3553.179688    6.02405    0.06324    0.47894
      237  3553.971680    7.77437    0.10885    0.60651
      238  3554.374023    6.84260    0.06497    0.48002
      239  3554.587158    6.44344    0.10789    0.51681
      240  3554.774170    5.31545    0.06252    0.39435
      241  3555.128906    3.80706    0.11851    0.27240
      242  3555.584717    6.77471    0.10621    0.50585
      243  3555.884766    5.47879    0.08723    0.37548
      244  3556.082275    9.77604    0.10097    0.74005
      245  3556.664551    6.24497    0.08811    0.46552
      246  3556.884033    3.45930    0.10684    0.24813
      247  3557.842041    8.06738    0.08402    0.61672
      248  3558.112305    6.74003    0.07445    0.50599
      249  3558.358643    7.07110    0.11615    0.58744
      250  3558.905029    5.52273    0.06633    0.44794
      251  3560.644775    8.31940    0.10329    0.65111
      252  3560.890869    4.63981    0.07479    0.35440
      253  3561.156006    7.27449    0.09837    0.58983
      254  3561.300781    5.79395    0.08442    0.47627
      255  3561.571289    4.07101    0.08827    0.30928
      256  3563.158203    4.41649    0.06949    0.36153
      257  3563.921143    6.19236    0.35384    0.49402
      258  3564.203857    5.74340    0.15983    0.43651
      259  3564.497070    6.05930    0.08056    0.46543
      260  3566.593262    4.44199    0.09993    0.31553
      261  3567.823242    5.50502    0.13283    0.39776
      262  3567.915771    4.49664    0.06155    0.32823
      263  3568.371826    5.20182    0.10777    0.40594
      264  3577.780273    4.40460    0.08800    0.33391
      265  3582.742676    4.43644    0.09339    0.32649
      266  3615.350830    4.74729    0.08132    0.39888
      267  3615.615723    4.76258    0.08072    0.42546
      268  3616.042480    6.00798    0.08921    0.52824
      269  3616.624023    4.63223    0.07016    0.38267
      270  3617.073242    3.50556    0.08434    0.30904
      271  3617.359131    4.90357    0.08867    0.42264
      272  3617.855469    3.64687    0.10867    0.33121
      273  3618.259277    4.65092    0.08719    0.44576
      274  3618.798828    3.71574    0.10377    0.29932
      275  3619.315674    4.34193    0.09096    0.37820
      276  3619.893555    4.24722    0.09403    0.36772
      277  3620.534912    4.53643    0.08034    0.40147
      278  3621.162842    5.49297    0.07337    0.49718
      279  3621.909668    4.41874    0.07502    0.37357
      280  3622.581787    5.50235    0.06588    0.48516
      281  3623.438232    4.15651    0.06289    0.36779
      282  3624.164307    5.17335    0.08320    0.46312
      283  3625.131104    3.69983    0.00436    0.32278
      284  3625.901123    4.32183    0.07273    0.37256
      285  3627.806396    5.44696    0.10519    0.45161
      286  3629.010986    4.68006    0.07823    0.42911
      287  3629.859619    5.06421    0.16795    0.42170
      288  3632.085693    5.53282    0.09730    0.48140
      289  3632.305176    4.84758    0.07653    0.44010
      290  3633.368408    4.69973    0.06819    0.40576
      291  3633.936768    4.69150    0.09921    0.43793
      292  3634.470459    4.43492    0.09259    0.41841
      293  3635.518066    5.17975    0.10034    0.47415
      294  3636.059326    6.33844    0.08373    0.59282
      295  3637.010742    3.52753    0.09349    0.28890
      296  3638.173828    3.66479    0.11205    0.33457
      297  3638.416504    3.07392    0.06446    0.25591
      298  3638.701660    6.06090    0.09293    0.51932
      299  3639.719727    3.97357    0.07379    0.30560
      300  3640.508057    3.22826    0.07540    0.30430
      301  3641.270996    3.56803    0.10479    0.30905
      302  3641.531982    4.44404    0.08667    0.40235
      303  3641.852783    4.23816    0.08696    0.34961
      304  3642.589355    4.17878    0.07583    0.37788
      305  3643.275391    3.86506    0.11895    0.35058
      306  3645.497559    2.93888    0.06883    0.26272
      307  3645.632812    3.60697    0.09203    0.32336
      308  3649.052246    3.31226    0.06287    0.31036
      309  3649.333984    3.08636    0.07558    0.27381
      310  3649.670898    3.32402    0.06457    0.28751
      311  3664.797119    3.14382    0.09904    0.26297
      312  3668.099854    2.50515    0.07012    0.23682
      313  3669.813721    3.45042    0.09385    0.32329
      314  3673.405273    2.77867    0.06644    0.27136
      315  3676.075439    2.71278    0.12761    0.25545
      316  3697.850586    3.43226    0.07307    0.33670
      317  3698.104492    4.06539    0.07224    0.41388
      318  3698.498291    3.55814    0.12351    0.36607
      319  3699.080811    3.55157    0.05800    0.36100
      320  3699.614746    2.64609    0.13999    0.25693
      321  3699.812256    3.30830    0.08351    0.32799
      322  3700.409668    2.93050    0.10038    0.29774
      323  3700.689453    3.35202    0.08332    0.33606
      324  3701.367676    3.48173    0.08322    0.35867
      325  3701.727783    3.49239    0.10193    0.36047
      326  3702.458008    3.59419    0.07769    0.36683
      327  3702.932617    3.04907    0.07013    0.30585
      328  3703.725342    3.37260    0.09831    0.33843
      329  3704.284424    2.76108    0.12171    0.29021
      330  3705.152832    3.72176    0.08714    0.36851
      331  3705.810059    2.62353    0.05563    0.26120
      332  3706.727295    3.58807    0.08702    0.35098
      333  3707.495117    2.76411    0.09923    0.26158
      334  3708.470215    3.49801    0.09446    0.34488
      335  3709.337402    2.51294    0.07826    0.24775
      336  3710.380371    3.72193    0.07101    0.38816
      337  3711.167236    1.96705    0.08073    0.20505
      338  3711.347412    2.45561    0.08217    0.21028
      339  3714.679443    3.05054    0.10212    0.31559
      340  3717.041748    2.77722    0.08323    0.27762
      341  3719.601318    2.85642    0.06589    0.26123
      342  3722.327393    3.12693    0.08935    0.34229
      343  3728.262207    2.61124    0.10882    0.28682
      344  3731.359375    2.67481    0.10610    0.29524
      345  3731.643799    3.00661    0.09766    0.30172
      346  3733.150635    3.55637    0.07641    0.38552
      347  3733.580811    3.04008    0.07580    0.33803
      348  3734.018311    2.27963    0.10236    0.25181
      349  3734.212158    2.50964    0.23125    0.24960
      350  3734.536377    3.11714    0.11223    0.33139
      351  3734.811279    3.49820    0.09215    0.37048
      352  3735.051270    2.33038    0.07347    0.24150
      353  3735.710938    2.49512    0.07264    0.26132
      354  3736.367432    3.40919    0.06374    0.36023
      355  3736.984375    3.09295    0.15566    0.34395
      356  3737.623291    2.72045    0.10159    0.26911
      357  3737.804932    2.18315    0.14413    0.25432
      358  3738.087891    2.49509    0.08557    0.27284
      359  3738.523682    2.80270    0.15377    0.33740
      360  3738.825195    2.06495    0.10355    0.21505
      361  3739.098389    3.42738    0.19422    0.38236
      362  3739.310303    3.65124    0.11774    0.39255
      363  3739.613281    3.73966    0.18739    0.42977
      364  3739.777100    3.21601    0.08633    0.35078
      365  3739.886475    1.87462    0.04843    0.18895
      366  3741.070801    4.09898    0.11279    0.45759
      367  3741.628906    4.21676    0.07539    0.51674
      368  3743.527344    4.05194    0.17846    0.35303
      369  3743.796875    2.75295    0.10755    0.28020
      370  3744.058838    4.42935    0.11257    0.52722
      371  3746.500977    3.82734    0.12549    0.49254
      372  3746.779541    2.39480    0.08830    0.31044
      373  3747.068848    4.25022    0.07468    0.51878
      374  3750.347168    2.72396    0.13565    0.28914
      375  3750.661865    3.32241    0.06831    0.35975
      376  3754.195557    2.84285    0.07245    0.31992
      377  3754.495361    2.43424    0.08059    0.25548
      378  3754.834717    4.17095    0.10048    0.48224
      379  3757.794434    1.79439    0.08266    0.19211
      380  3758.221680    1.50737    0.09349    0.16627
      381  3758.943115    2.61483    0.08992    0.29971
      382  3759.093262    1.63034    0.04973    0.17018
      383  3759.233154    2.09255    0.09157    0.21782
      384  3759.577881    2.16667    0.08249    0.23833
      385  3764.253174    2.15543    0.08727    0.23573
      386  3775.217041    4.29578    0.05528    0.57181
      387  3777.587646    2.54681    0.06716    0.27950
      388  3778.167725    3.13637    0.12632    0.31552
      389  3780.536621    2.54850    0.05382    0.33587
      390  3780.927490    2.34793    0.09456    0.28626
      391  3781.496826    2.51540    0.09121    0.29824
      392  3783.906982    1.99809    0.10275    0.22866
      393  3785.459229    2.51419    0.09165    0.29134
      394  3786.961914    1.89707    0.12257    0.22932
      395  3790.071533    2.60741    0.07797    0.31448
      396  3790.701172    2.03355    0.08299    0.23696
      397  3791.259521    2.14472    0.13535    0.25562
      398  3791.963623    2.16644    0.15308    0.25963
      399  3794.464844    1.68252    0.06270    0.19254
      400  3794.734131    2.14261    0.09004    0.23629
      401  3795.065674    2.00882    0.08857    0.25047
      402  3795.361084    1.84355    0.13668    0.19644
      403  3796.420410    2.12310    0.10390    0.23008
      404  3797.462646    1.61550    0.07702    0.17265
      405  3799.055664    1.68207    0.09166    0.20030
 -------- ------------ ---------- ---------- ----------
