  Table : fluxint_580U.tbl 
 Sequence CENTER           INT        FWHM       FLUX      
 -------- ------------ ---------- ---------- ----------
        1  5865.467285   54.75745    0.14478    0.84217
        2  5866.003906   36.55418    0.15854    0.53050
        3  5867.267578   20.61600    0.13551    0.31662
        4  5867.552246   67.11599    0.14280    1.03043
        5  5868.313477   29.60221    0.15384    0.45400
        6  5869.278320   21.44973    0.14017    0.32842
        7  5869.481934   15.47416    0.17694    0.23003
        8  5872.735840   27.80017    0.15222    0.42214
        9  5874.937012   12.13274    0.08310    0.18296
       10  5875.389160   13.08200    0.14700    0.19696
       11  5887.135254   22.38744    0.19205    0.32085
       12  5888.192383  158.35938    0.14000    2.23850
       13  5889.958984  796.82428    0.15177   11.28675
       14  5894.471680   50.01351    0.19369    0.69724
       15  5895.932129  486.96033    0.14989    6.76110
       16  5903.370605   16.10797    0.16272    0.22120
       17  5903.577148   14.61499    0.12108    0.18987
       18  5906.705078   45.33081    0.15692    0.58987
       19  5915.307617  148.21388    0.15294    1.82822
       20  5924.729492   67.30907    0.15457    0.90161
       21  5932.864258  138.16562    0.20016    1.81539
       22  5945.936035   62.35295    0.14984    0.81739
       23  5953.358887   80.38324    0.19313    1.04858
       24  5953.489746   82.37421    0.20538    1.07447
       25  5970.282227   46.90318    0.15415    0.60828
       26  5976.961914   53.22474    0.14098    0.68962
       27  5977.207031   50.17920    0.14686    0.65014
       28  5997.765137   26.70576    0.19526    0.34546
       29  6003.750977   30.89477    0.15043    0.39934
       30  6004.085938   30.01358    0.15144    0.38231
       31  6028.375488   13.98446    0.25661    0.18044
       32  6028.508789   14.27172    0.12911    0.18414
       33  6033.790527   21.29175    0.12570    0.27466
       34  6034.219238   16.72675    0.15698    0.21354
       35  6067.156738   14.19804    0.12545    0.17831
       36  6067.683105   13.51450    0.15927    0.17414
       37  6099.458496   11.60917    0.17931    0.14917
       38  6099.769531   11.38099    0.14785    0.14623
       39  6103.931152   12.35660    0.12880    0.15857
       40  6104.584961   12.62560    0.14131    0.15699
       41  6136.550781   11.64680    0.06814    0.14722
       42  6136.779785   17.78681    0.17268    0.22480
       43  6138.984863   12.68655    0.25236    0.16013
       44  6139.466797   32.01689    0.15942    0.40398
       45  6140.093750   11.70012    0.05836    0.14757
       46  6140.554199    9.85051    0.04278    0.12421
       47  6143.379883   16.32715    0.15975    0.20207
       48  6144.481934   39.20786    0.15921    0.49311
       49  6150.938965   21.10696    0.15667    0.24946
       50  6155.987793   12.86271    0.15784    0.15691
       51  6156.773926   17.73526    0.15000    0.22107
       52  6158.188965   21.41002    0.18358    0.26658
       53  6169.536133   14.91719    0.22738    0.18395
       54  6170.645996   95.89795    0.14680    1.18139
       55  6176.294922   27.80360    0.24808    0.33357
       56  6184.309570   12.81057    0.48889    0.15288
       57  6192.943848   28.75711    0.18226    0.34639
       58  6202.728027   82.80061    0.16991    0.98621
       59  6213.067383   38.69758    0.15468    0.45478
       60  6221.775879   71.65440    0.23579    0.83183
       61  6234.304199  124.36942    0.14529    1.41746
       62  6235.683594   81.52765    0.15259    0.92733
       63  6235.965332  159.56178    0.16089    1.81408
       64  6236.994141   37.33092    0.16611    0.42002
       65  6237.419434   57.30881    0.15276    0.65019
       66  6240.240723   44.38687    0.20648    0.50152
       67  6241.698730   55.54573    0.14643    0.62627
       68  6243.564941   44.31607    0.18494    0.48535
       69  6243.728027   40.95141    0.26123    0.45501
       70  6247.367188   15.05580    0.23053    0.16839
       71  6248.020508   21.60076    0.18754    0.24137
       72  6256.950195   37.55615    0.19743    0.41465
       73  6257.970215  323.43933    0.15230    3.56621
       74  6259.189453   14.87115    0.26827    0.16370
       75  6261.754883   22.94017    0.17968    0.25167
       76  6262.747070   12.76785    0.33695    0.13989
       77  6262.845215   13.23512    0.17103    0.14499
       78  6265.223145  104.87307    0.19235    1.14530
       79  6268.279297   26.41400    0.13562    0.28443
       80  6268.539551   23.62848    0.15858    0.25119
       81  6278.096191   52.88826    0.16850    0.56799
       82  6287.442871  287.02142    0.15845    2.95762
       83  6289.047852   15.65472    0.14428    0.16574
       84  6289.437988   12.89241    0.18430    0.13643
       85  6290.354980   13.17614    0.12492    0.13923
       86  6295.915527   17.29429    0.13271    0.18144
       87  6296.294922   15.47286    0.14056    0.15349
       88  6297.911621  125.82841    0.16350    1.27023
       89  6300.308594 12080.1601    0.16251  125.98823
       90  6301.281738   19.23997    0.66368    0.18215
       91  6306.933594  297.64923    0.21925    3.07539
       92  6308.556641   14.89947    0.18854    0.15359
       93  6321.408691  125.59191    0.15375    1.27009
       94  6329.784180  165.32281    0.20843    1.57936
       95  6329.927734  167.23953    0.24268    1.66994
       96  6342.868652   13.13879    0.12475    0.12886
       97  6343.240723   13.31898    0.13097    0.13057
       98  6348.544922   94.44276    0.15350    0.89623
       99  6356.184570  115.62724    0.16166    1.11678
      100  6356.452637  109.01746    0.15918    1.05264
      101  6361.302246   14.17950    0.18836    0.13627
      102  6363.782715 4285.49219    0.16414   41.08989
      103  6379.321777   54.77183    0.19274    0.51852
      104  6386.250488   66.70065    0.15254    0.62827
      105  6386.623047   63.22144    0.15060    0.59535
      106  6413.773438   25.29090    0.25715    0.22570
      107  6413.889160   22.93839    0.24279    0.20239
      108  6420.075684   37.93814    0.14545    0.34925
      109  6420.560059   35.33538    0.16134    0.32519
      110  6425.752441   14.63158    0.09413    0.13397
      111  6451.952637   19.56046    0.11193    0.17714
      112  6452.230957   19.29076    0.14983    0.16398
      113  6455.992676   13.83286    0.16587    0.12433
      114  6457.741211   23.19535    0.14569    0.20959
      115  6458.345703   22.34694    0.19146    0.19120
      116  6463.529785   80.14705    0.16979    0.72281
      117  6463.800781   38.75677    0.17668    0.34950
      118  6464.895996   23.30067    0.15159    0.21005
      119  6465.946777  153.39407    0.18270    1.35412
      120  6466.924805   22.82535    0.14069    0.20564
      121  6470.152832   64.24396    0.15962    0.57828
      122  6470.984863  178.09631    0.16515    1.60276
      123  6477.921387   70.43063    0.15796    0.63279
      124  6494.120117   11.50175    0.12717    0.10307
      125  6494.416992   13.63376    0.14546    0.12217
      126  6497.531250   51.38105    0.22079    0.43500
      127  6498.736816  477.27051    0.15740    4.27491
      128  6499.395508   17.55591    0.20182    0.14595
      129  6500.132324   16.89903    0.14072    0.14936
      130  6502.609375   17.35223    0.17223    0.13958
      131  6502.720703   16.05128    0.25915    0.14373
      132  6504.999023  112.95834    0.25125    1.01139
      133  6513.854492   31.64334    0.15143    0.28334
      134  6514.151367   30.45255    0.15409    0.27268
      135  6522.432617  109.42751    0.16621    0.95942
      136  6533.049805  365.90558    0.17338    3.28245
      137  6540.281250   14.97275    0.12678    0.13446
      138  6540.756836   14.31532    0.22806    0.12294
      139  6544.035645  153.36179    0.16259    1.37806
      140  6546.069824   15.66306    0.37338    0.12220
      141  6552.817383   14.09642    0.11239    0.12684
      142  6553.625977  313.95578    0.23913    2.66733
      143  6555.907227   12.14672    0.18263    0.10297
      144  6558.283691   11.82849    0.43551    0.09918
      145  6562.759766  129.04254    0.22610    1.16317
      146  6568.789062  128.74966    0.15897    1.16188
      147  6577.201660  173.58766    0.19063    1.56938
      148  6577.375977  161.58017    0.20034    1.46089
      149  6578.104492   16.86850    0.13982    0.13300
      150  6580.439941   15.16187    0.31257    0.13429
      151  6583.723633   20.32860    0.25758    0.18409
      152  6584.487793   16.34896    0.26164    0.13840
      153  6596.644531   75.12068    0.17535    0.68295
      154  6603.995605   94.19908    0.15647    0.85872
      155  6604.283691   85.80008    0.17295    0.78224
      156  6620.454102   12.92096    0.12156    0.11281
      157  6627.631836   33.55335    0.25200    0.30917
      158  6634.048340   45.11113    0.16237    0.41703
      159  6634.433594   41.95817    0.16221    0.38796
      160  6650.812500   14.71341    0.17361    0.12242
      161  6661.685059   18.44141    0.39779    0.15682
      162  6661.863770   17.29327    0.23345    0.16232
      163  6667.385742   23.80523    0.16947    0.22417
      164  6667.866699   21.04115    0.17745    0.18408
      165  6699.055176   14.71092    0.21982    0.14029
      166  6699.285645   12.58869    0.18376    0.12098
      167  6699.654785   13.41481    0.18406    0.12895
      168  6704.106445   17.74696    0.16418    0.17114
      169  6704.676270   15.78467    0.16562    0.14602
      170  6714.775391   13.07865    0.42008    0.11153
      171  6716.733887   18.64170    0.13113    0.18152
      172  6717.560059   22.64371    0.26418    0.19629
 -------- ------------ ---------- ---------- ----------
