  Table : gident_860L.tbl 
 Sequence    CENTER        INT        FWHM       FLUX      
 -------- ------------ ---------- ---------- ----------
        1  6704.104492   38.50083    0.16193    0.17288
        2  6704.700195   33.24126    0.16370    0.14886
        3  6707.901855   22.21416    0.11488    0.10309
        4  6710.174805   22.48973    0.16727    0.10364
        5  6711.140137   23.19577    0.06059    0.10831
        6  6713.873535   23.12665    0.19693    0.10845
        7  6714.799316   24.39405    0.22162    0.11432
        8  6715.808105   24.42829    0.07220    0.11394
        9  6716.975098   24.93485    0.05583    0.11675
       10  6718.970703   22.03878    0.28271    0.10041
       11  6720.853027   22.76502    0.39197    0.09793
       12  6722.797363   22.61142    0.10402    0.10576
       13  6723.665039   22.26623    0.29853    0.09780
       14  6728.891602   21.41422    0.18839    0.09602
       15  6730.126953   22.25627    0.22673    0.09999
       16  6739.698730   28.38144    0.37081    0.12794
       17  6740.083008   27.46542    0.16078    0.12256
       18  6741.859375   22.20720    0.20482    0.09940
       19  6742.913086   21.87961    0.20239    0.09774
       20  6744.229492   29.72116    0.18681    0.13299
       21  6744.936035   31.01114    0.17007    0.12794
       22  6746.926758   23.02396    0.16381    0.10299
       23  6769.048828   20.93206    0.09798    0.09391
       24  6783.771973   29.00967    0.14399    0.12851
       25  6784.256836   24.01804    0.17464    0.11019
       26  6787.869629   32.21021    0.15650    0.14800
       27  6788.712891   28.55692    0.16987    0.13017
       28  6803.143555   25.58046    0.11856    0.11922
       29  6818.760742   22.73209    0.21387    0.10871
       30  6827.468750  370.05618    0.15954    1.76797
       31  6828.482422  172.23584    0.15616    0.82567
       32  6829.508301  659.87183    0.17004    3.16190
       33  6829.930664  168.32062    0.17148    0.80723
       34  6831.355957   28.53438    0.15586    0.13181
       35  6831.955078   23.29947    0.20906    0.11295
       36  6832.666992   84.88225    0.19535    0.40842
       37  6834.021484  271.41238    0.16656    1.30863
       38  6834.445801  715.24194    0.16532    3.26041
       39  6835.100586   29.05596    0.20240    0.13269
       40  6835.771973   21.59637    0.18871    0.10413
       41  6836.079590   27.71593    0.15229    0.13480
       42  6839.666504   39.66902    0.17617    0.19106
       43  6840.064941   52.11594    0.19201    0.25230
       44  6841.963379  271.37231    0.15375    1.31519
       45  6850.035156   33.34295    0.15944    0.16156
       46  6850.807129   37.03522    0.22439    0.18059
       47  6862.696289  175.21085    0.21813    0.86048
       48  6863.970703 1801.09155    0.16139    8.86070
       49  6864.878906   27.95324    0.25518    0.13404
       50  6865.046387   27.74779    0.17344    0.13537
       51  6868.350098   26.99889    0.27530    0.11933
       52  6868.489746   28.41004    0.17282    0.13978
       53  6871.073242  233.11084    0.15818    1.14407
       54  6877.917480   23.11815    0.15439    0.11232
       55  6878.277832   19.55643    0.14619    0.09565
       56  6880.235840   21.11416    0.26791    0.10350
       57  6880.949219  119.98672    0.16188    0.56611
       58  6881.254883  111.74641    0.16291    0.55162
       59  6882.105469   19.64864    0.20514    0.09573
       60  6882.444336   25.66627    0.24112    0.12589
       61  6882.652344   33.12035    0.13506    0.16222
       62  6883.343262   22.79338    0.14684    0.11158
       63  6886.040527   29.80383    0.15449    0.14630
       64  6887.166504   25.17952    0.16679    0.12257
       65  6889.302246  386.06317    0.17273    1.90324
       66  6894.098145   43.43662    0.16060    0.21486
       67  6894.638184   41.27976    0.15513    0.19795
       68  6900.807617  440.53845    0.15743    2.17680
       69  6902.435547   23.55941    0.22413    0.11600
       70  6903.565918   22.98739    0.17639    0.11381
       71  6903.894531   21.46984    0.28824    0.10513
       72  6910.503418   20.54023    0.16922    0.10183
       73  6911.359863   20.31598    0.11978    0.10154
       74  6912.638184  554.53674    0.16235    2.68067
       75  6921.413574   24.90175    0.19793    0.12447
       76  6923.192383  888.77643    0.18926    4.43816
       77  6924.604004   38.09385    0.16974    0.18939
       78  6927.124512   20.71557    0.12134    0.10142
       79  6927.321777   21.23833    0.18081    0.10605
       80  6928.344238   22.66274    0.16077    0.11322
       81  6928.847656   21.33586    0.13970    0.10607
       82  6929.425293   17.18398    0.19921    0.08516
       83  6937.649902   26.50182    0.16253    0.13253
       84  6938.487305   22.35232    0.16670    0.11062
       85  6939.541992  508.59033    0.15015    2.56031
       86  6940.782227   31.12830    0.17190    0.15635
       87  6942.078125   25.90018    0.17053    0.13117
       88  6948.963379  638.99097    0.16976    3.23888
       89  6949.167969  607.09387    0.16772    3.07866
       90  6951.701660   39.54053    0.24255    0.20027
       91  6952.855469   18.97546    0.30792    0.09598
       92  6954.562988   18.97475    0.06601    0.09625
       93  6955.189941   22.66541    0.24089    0.11000
       94  6955.603516   20.81092    0.20696    0.10304
       95  6955.893066   19.54669    0.11256    0.09914
       96  6956.232422   24.66744    0.20163    0.12212
       97  6956.895020   20.41268    0.21685    0.10239
       98  6957.461914   26.16908    0.16849    0.13250
       99  6958.482910   21.85814    0.13689    0.11124
      100  6959.003906   24.33371    0.14990    0.12398
      101  6959.940430   21.89684    0.09254    0.11123
      102  6960.768066   24.58212    0.18816    0.12411
      103  6961.765137   22.17447    0.16007    0.11238
      104  6962.838867   22.76436    0.16949    0.11410
      105  6963.796875   21.63272    0.15136    0.10448
      106  6965.187988   21.69213    0.26959    0.11070
      107  6966.337891   32.79664    0.30835    0.15943
      108  6969.940430  313.10687    0.17608    1.60795
      109  6971.962891   20.79048    0.12863    0.10654
      110  6973.000488   21.79942    0.15336    0.11276
      111  6975.229492   23.27474    0.18702    0.11207
      112  6976.220703   24.00910    0.17766    0.12261
      113  6978.267578  355.93060    0.16256    1.83935
      114  6978.581055  345.67819    0.15839    1.78673
      115  6979.710938   24.73820    0.14162    0.12797
      116  6982.519043   24.47091    0.16306    0.12599
      117  6983.436523   25.10032    0.22017    0.13017
      118  6986.122559   22.41661    0.18913    0.11676
      119  6986.329102   25.19587    0.10498    0.12738
      120  6987.492188   23.50985    0.14635    0.12244
      121  6987.923828   19.74805    0.19267    0.09571
      122  6989.270020   20.83865    0.20797    0.09732
      123  6990.856934   21.49994    0.11537    0.11337
      124  6991.777832   21.18222    0.17436    0.11061
      125  6995.407715   20.20379    0.31204    0.10017
      126  6996.334473   20.54424    0.18381    0.10624
      127  6996.578613   24.15360    0.16823    0.12464
      128  6997.012207   24.07800    0.22725    0.12543
      129  6997.570801   22.87977    0.18742    0.11266
      130  6999.487793   27.79860    0.14930    0.14583
      131  7000.953613   22.84105    0.13619    0.11997
      132  7001.930664   20.23621    0.21367    0.10518
      133  7002.235352   24.12128    0.20037    0.12622
      134  7003.873047  137.42003    0.25259    0.67504
      135  7005.274414   17.81067    0.36610    0.09377
      136  7011.221191  184.76401    0.14948    0.97531
      137  7011.640625  177.34355    0.15174    0.93600
      138  7029.662598   28.39756    0.15587    0.15178
      139  7041.267578   64.39323    0.19330    0.33005
      140  7041.473145   61.01755    0.18396    0.32926
      141  7045.020508   21.22935    0.22795    0.11152
      142  7045.363281   23.78119    0.16231    0.12770
      143  7046.029785   36.36276    0.14569    0.19586
      144  7046.416504   24.41421    0.15458    0.13251
      145  7046.961914   37.90099    0.23575    0.20471
      146  7047.875977  110.33525    0.16632    0.59873
      147  7048.393066   87.50644    0.16803    0.47388
      148  7049.132812   34.76832    0.17220    0.18813
      149  7049.594238   42.65157    0.16560    0.23092
      150  7050.604980   38.89285    0.15565    0.20817
      151  7051.354004   45.11328    0.16293    0.24139
      152  7052.349121   36.49054    0.16854    0.19728
      153  7053.405762   39.15188    0.16377    0.21304
      154  7054.385254   31.48352    0.15640    0.17051
      155  7055.756348   30.42226    0.15383    0.16439
      156  7056.700684   20.57347    0.13673    0.11120
      157  7059.574219   21.19996    0.19451    0.11302
      158  7060.693848   33.04183    0.16555    0.18088
      159  7062.274902   22.85016    0.19662    0.12121
      160  7062.659180   31.46026    0.17293    0.17185
      161  7063.710938   40.34805    0.17390    0.22106
      162  7065.995605   41.36071    0.16945    0.22714
      163  7067.006836   48.70315    0.17337    0.26770
      164  7067.562012   22.54639    0.21245    0.11989
      165  7069.594727   44.19178    0.17099    0.24366
      166  7070.579590   52.42971    0.16499    0.28972
      167  7073.468262   42.65163    0.16669    0.23560
      168  7074.451172   49.29993    0.15929    0.27198
      169  7077.627930   37.50642    0.16524    0.20372
      170  7078.593262   41.13143    0.18325    0.22096
      171  7082.074707   33.28974    0.19967    0.18192
      172  7082.380371   44.75924    0.15786    0.24822
      173  7082.696289   42.61555    0.17427    0.23551
      174  7083.020996   34.69778    0.14663    0.19280
      175  7085.712402   17.62168    0.14974    0.09837
      176  7086.800293   28.11288    0.15451    0.15651
      177  7087.733887   27.91865    0.16506    0.15509
      178  7088.288086   62.99527    0.15638    0.34570
      179  7088.932617   57.99921    0.18212    0.31696
      180  7089.391113   17.99145    0.18155    0.10073
      181  7089.902344   24.78741    0.14964    0.13869
      182  7090.344238   21.91446    0.30661    0.11408
      183  7091.371582   20.56046    0.15215    0.10650
      184  7091.793945   26.94465    0.16947    0.14957
      185  7092.407227   15.49072    0.15890    0.08509
      186  7092.760254   25.42729    0.14993    0.14108
      187  7097.098145   18.16542    0.19053    0.09982
      188  7098.025391   18.91918    0.10727    0.10664
      189  7100.200195   18.79593    0.19069    0.10213
      190  7101.281250   22.42156    0.13497    0.11647
      191  7103.638184   19.67659    0.17225    0.11087
      192  7104.704590   19.83656    0.16221    0.11072
      193  7107.542480   20.06697    0.19804    0.11253
      194  7108.577148   22.26544    0.17987    0.12277
      195  7111.959473   19.77666    0.21175    0.11140
      196  7112.924805   19.22373    0.13574    0.10845
      197  7116.743164   19.61007    0.19720    0.10610
      198  7117.701660   17.73134    0.17128    0.09994
      199  7122.001465   17.38593    0.12901    0.09763
      200  7122.946777   17.49005    0.18302    0.09789
      201  7126.826660   21.71770    0.14441    0.12111
      202  7127.260742   40.93639    0.15478    0.22805
      203  7127.670410   37.17857    0.15091    0.21054
      204  7128.113770   19.80110    0.19931    0.09856
      205  7128.678711   16.83834    0.13072    0.09522
      206  7129.346191   22.76571    0.17129    0.12908
      207  7131.189453   18.70695    0.16001    0.10484
      208  7132.571777   49.01414    0.17290    0.28009
      209  7133.361328   43.57210    0.16136    0.24772
      210  7141.145020   21.40394    0.16083    0.12168
      211  7141.682129   25.37683    0.14947    0.13971
      212  7142.195312   20.38836    0.48023    0.11571
      213  7142.520020   29.34956    0.17819    0.16798
      214  7142.727539   24.20153    0.22242    0.13772
      215  7143.255859   16.32010    0.54735    0.09309
      216  7143.606445   47.91850    0.18961    0.26938
      217  7144.687500   35.10484    0.13524    0.19667
      218  7145.061523   40.76022    0.15915    0.23342
      219  7145.585449   14.91784    0.08164    0.08260
      220  7146.109375   34.98804    0.16486    0.19957
      221  7146.797363   39.18621    0.16600    0.22045
      222  7147.822266   33.48198    0.16728    0.19176
      223  7148.840820   35.08572    0.16734    0.19660
      224  7149.851562   27.81224    0.20808    0.16199
      225  7151.193848   25.41420    0.15171    0.14537
      226  7152.145996   18.42963    0.25029    0.09722
      227  7156.213867   26.82889    0.16647    0.15312
      228  7158.215332   29.14555    0.15742    0.16722
      229  7159.294922   35.59708    0.16537    0.19929
      230  7160.010254   16.49594    0.16970    0.09497
      231  7161.633789   37.25128    0.16692    0.20838
      232  7162.666504   44.37337    0.16173    0.25591
      233  7165.329590   42.77875    0.16512    0.24648
      234  7166.346191   45.61285    0.17006    0.26423
      235  7169.319824   39.62511    0.16983    0.22616
      236  7170.325195   44.38577    0.17017    0.25681
      237  7173.613281   33.96500    0.15912    0.19802
      238  7174.604980   37.73395    0.16644    0.22031
      239  7176.009277   36.32082    0.15946    0.21145
      240  7176.537598   31.84552    0.16616    0.18577
      241  7178.208496   30.36211    0.16203    0.17550
      242  7179.194336   31.35449    0.16897    0.18396
      243  7180.834961   46.33426    0.16694    0.27051
      244  7181.770508   32.05139    0.16503    0.18779
      245  7183.114258   23.89866    0.18904    0.13805
      246  7184.087402   24.89061    0.16238    0.14604
      247  7188.327637   19.74859    0.14598    0.11600
      248  7189.308594   20.74695    0.19181    0.12157
      249  7193.874512   17.56682    0.07992    0.10352
      250  7194.812012   17.54160    0.18716    0.10345
      251  7198.505371   19.15135    0.16849    0.11155
      252  7199.672363   14.91763    0.25171    0.08846
      253  7199.917969   17.26280    0.08087    0.10182
      254  7200.830566   22.40363    0.21604    0.13324
      255  7201.462402   14.47794    0.23874    0.08558
      256  7202.911621   19.24220    0.15251    0.11429
      257  7207.925293   25.37515    0.16292    0.14863
      258  7221.181641   21.46008    0.21187    0.12776
      259  7221.564941   20.00697    0.13577    0.11653
      260  7222.374023   21.20401    0.26246    0.12628
      261  7223.541992   16.54596    0.14671    0.09808
      262  7223.866699   18.68140    0.15890    0.10893
      263  7225.228516   25.19069    0.16409    0.14915
      264  7228.766602   35.45300    0.17569    0.21178
      265  7229.418945   29.56986    0.19938    0.17803
      266  7232.463379   16.44607    0.24873    0.09559
      267  7233.173828   43.65691    0.16528    0.26085
      268  7233.571777   20.13433    0.16362    0.12121
      269  7234.270020   36.70854    0.18246    0.22052
      270  7236.043945   16.68536    0.13449    0.09797
      271  7237.138672   18.69794    0.21638    0.10891
      272  7238.791504  698.94214    0.17427    4.19891
      273  7240.194336 1073.93677    0.17064    6.46804
      274  7240.863770  282.85385    0.16740    1.70260
      275  7241.415527  308.20065    0.18344    1.82654
      276  7241.943359  178.32474    0.18565    1.02119
      277  7242.328125   21.88942    0.18959    0.11595
      278  7242.736816   20.65327    0.20143    0.12400
      279  7243.456543   30.79709    0.16054    0.17570
      280  7243.853516   18.71691    0.18721    0.11033
      281  7244.558594   43.89947    0.12223    0.25598
      282  7244.943848 1209.38452    0.23055    7.26465
      283  7245.640625   27.63579    0.25197    0.16572
      284  7245.867676   31.81732    0.22949    0.19111
      285  7246.553223  238.45761    0.19339    1.43990
      286  7246.968262   27.65179    0.19088    0.16746
      287  7247.597656   32.03211    0.16336    0.18992
      288  7248.656250   27.09175    0.17807    0.16372
      289  7249.652832   31.55488    0.19897    0.19051
      290  7250.700684   28.19279    0.20323    0.17091
      291  7251.998047   22.30894    0.18321    0.13387
      292  7253.145996  437.57788    0.16823    2.65277
      293  7255.298340   72.89149    0.17712    0.44016
      294  7255.908691   85.96524    0.22147    0.52372
      295  7256.299805   18.21022    0.13964    0.10265
      296  7257.110840   20.76487    0.16656    0.12519
      297  7259.142090   24.49546    0.15322    0.14493
      298  7260.252441   34.88181    0.15796    0.21221
      299  7261.284668   15.17872    0.18752    0.08929
      300  7262.640137   29.90569    0.17840    0.17698
      301  7263.711426   35.73766    0.17328    0.21730
      302  7265.418945   15.07088    0.13418    0.09172
      303  7266.440918   33.00455    0.15793    0.20137
      304  7267.496582   36.93607    0.16209    0.22698
      305  7268.047852   50.08008    0.17678    0.30578
      306  7269.098145   39.46347    0.35034    0.23750
      307  7270.568848   35.28950    0.16371    0.21537
      308  7271.600098   36.14322    0.15675    0.22225
      309  7273.242676   15.13207    0.12196    0.09263
      310  7275.117676  286.08224    0.23467    1.76050
      311  7276.047852   33.23947    0.21043    0.20534
      312  7276.424316 2756.48828    0.17075   16.80239
      313  7277.000977   23.71195    0.16824    0.14513
      314  7279.293457   18.89090    0.18051    0.11601
      315  7279.785645   24.18462    0.16146    0.14664
      316  7280.800781   25.45300    0.16879    0.15717
      317  7281.531250   56.29376    0.28753    0.31644
      318  7281.678223   57.68935    0.17570    0.35645
      319  7284.455566  832.29761    0.25126    4.53790
      320  7284.852539   47.91940    0.18309    0.29664
      321  7285.724609   35.60497    0.17720    0.21811
      322  7286.029785   30.79892    0.12963    0.19125
      323  7286.402344   34.39129    0.30999    0.21209
      324  7289.739258   44.42848    0.17384    0.27225
      325  7290.276855   16.77571    0.12518    0.09780
      326  7291.009277   34.88412    0.17227    0.21688
      327  7291.306641   16.63598    0.15140    0.10271
      328  7291.758301   18.86439    0.22930    0.11656
      329  7292.119141   28.38850    0.24408    0.17840
      330  7292.331055   27.96785    0.17565    0.17451
      331  7295.804199  193.44797    0.15840    1.21206
      332  7296.108398  189.73413    0.15994    1.18836
      333  7303.729980  617.81067    0.18597    3.91594
      334  7305.749023   28.06993    0.19545    0.17786
      335  7307.078125   29.58514    0.18398    0.18602
      336  7307.461426   27.17818    0.17620    0.17112
      337  7310.785645   67.21030    0.17033    0.42449
      338  7311.333984   62.73715    0.16784    0.39630
      339  7316.289551 2071.27808    0.18970   13.13918
      340  7329.160156  934.76514    0.18351    5.38364
      341  7329.478516   28.48392    0.17990    0.17496
      342  7330.366211   22.27245    0.16307    0.14230
      343  7330.831543   22.70148    0.35269    0.13469
      344  7331.573242   16.46264    0.17805    0.10480
      345  7332.253906   22.65830    0.20193    0.14354
      346  7332.745117   20.66496    0.19454    0.13169
      347  7340.900879 1797.64551    0.25780   11.56121
      348  7341.725098   25.01701    0.19019    0.16070
      349  7344.558105   18.50098    0.13631    0.11873
      350  7344.913086   42.14802    0.18631    0.27249
      351  7346.937500   34.20031    0.17180    0.22114
      352  7347.865723   29.50803    0.16810    0.18209
      353  7350.377441   16.14134    0.13584    0.10261
      354  7350.674316   43.06063    0.17247    0.27713
      355  7351.401367   18.85707    0.28336    0.11907
      356  7352.108887   36.15226    0.18784    0.23428
      357  7352.596191   20.12086    0.27483    0.12720
      358  7353.222168   14.86436    0.23749    0.09099
      359  7353.761719   16.16385    0.17594    0.10254
      360  7354.313477   18.14223    0.17327    0.11622
      361  7355.408203   16.76916    0.15591    0.10382
      362  7356.004395   18.87182    0.55884    0.11713
      363  7356.289551   17.66561    0.27809    0.11369
      364  7357.415527   15.86086    0.14125    0.09622
      365  7358.027344   18.64869    0.16770    0.12047
      366  7358.680176  877.69849    0.16674    5.54366
      367  7360.148926   17.56363    0.34725    0.10988
      368  7360.312988   16.67509    0.16535    0.10881
      369  7360.604980   18.62427    0.17344    0.11768
      370  7361.652832   16.10247    0.19980    0.10403
      371  7362.260742   17.78178    0.14953    0.11549
      372  7363.280762   15.79457    0.23349    0.10294
      373  7363.548340   20.90655    0.17748    0.13605
      374  7363.919922   15.52579    0.17564    0.09471
      375  7364.396973   23.85875    0.20520    0.15208
      376  7364.698242   19.94963    0.15295    0.12568
      377  7365.522949   19.95234    0.21919    0.12608
      378  7365.723633   15.96050    0.51625    0.10348
      379  7365.992188   16.48343    0.13929    0.10693
      380  7366.837891   16.66077    0.17847    0.10940
      381  7367.122559   17.43312    0.17682    0.10850
      382  7367.594727   14.21818    0.24432    0.09155
      383  7368.729492   16.35321    0.23406    0.10577
      384  7369.272461 1052.17041    0.18332    6.90457
      385  7369.495117 1042.06226    0.19134    6.83805
      386  7370.681152   18.67179    0.15670    0.12191
      387  7373.497559   18.89659    0.14392    0.11370
      388  7374.077637   45.63784    0.25564    0.30059
      389  7374.572754   21.60474    0.17541    0.14041
      390  7375.674316   16.21321    0.16903    0.10509
      391  7377.766113   18.36126    0.16952    0.11553
      392  7378.268066   16.72719    0.21295    0.10783
      393  7378.838379   18.14735    0.17181    0.11984
      394  7379.415527   17.41979    0.17339    0.11439
      395  7382.460938   18.27158    0.28907    0.12007
      396  7383.494141   17.66248    0.48955    0.11645
      397  7383.646973   17.57467    0.16685    0.11052
      398  7387.319336   21.18673    0.17775    0.13497
      399  7388.396484   21.83893    0.16833    0.14474
      400  7390.173340   35.06229    0.20606    0.23355
      401  7392.209961  565.55060    0.17989    3.75793
      402  7392.635254   19.18269    0.19953    0.12694
      403  7393.752930   18.99755    0.18197    0.12500
      404  7395.425293   15.71281    0.23427    0.10205
      405  7398.505859   14.56320    0.25067    0.09531
      406  7399.568848   16.48285    0.12790    0.10892
      407  7401.698730  632.21143    0.17497    4.23505
      408  7402.037598  613.32782    0.16943    3.96645
      409  7411.875977   25.08862    0.23480    0.15928
      410  7412.080078   26.37370    0.17965    0.17630
      411  7412.673828   28.03242    0.16406    0.18849
      412  7413.763672   22.41565    0.18524    0.15081
      413  7416.143555   33.77307    0.16180    0.21924
      414  7417.802246   27.12979    0.17771    0.17790
      415  7422.873047   26.21399    0.22861    0.16479
      416  7422.873047   26.21399    0.22605    0.16479
      417  7429.789551  278.06622    0.24924    1.90317
      418  7429.789551  278.06622    0.24553    1.90317
      419  7438.263672  339.97290    0.17073    2.34385
      420  7438.719727  322.13184    0.16626    2.22019
      421  7439.226562   17.36326    0.20898    0.11311
      422  7439.454102   18.60505    0.17750    0.12502
      423  7442.217285   13.61995    0.17479    0.09316
      424  7444.219238   15.35464    0.24608    0.10638
      425  7447.055176   12.44754    0.29085    0.08580
      426  7451.817383   17.32075    0.18892    0.11941
      427  7458.362793   34.41220    0.16221    0.23919
      428  7461.252930   31.44879    0.17316    0.21929
      429  7462.452148   71.39600    0.21904    0.49472
      430  7463.160645   20.44393    0.18791    0.14345
      431  7463.794434   16.81334    0.23921    0.11741
      432  7464.883301   44.01669    0.19010    0.30844
      433  7466.620117  180.74963    0.19466    1.26807
      434  7468.250488   20.40759    0.23122    0.14436
      435  7469.861816   17.02998    0.16022    0.11857
      436  7470.718262   92.93974    0.17591    0.65334
      437  7471.389648  112.25024    0.20757    0.78829
      438  7471.590332  107.09441    0.19923    0.75356
      439  7472.043457   14.13811    0.20338    0.09729
      440  7473.686035  345.14142    0.18912    2.41082
      441  7476.408691   18.72223    0.26406    0.13033
      442  7479.034668  175.80359    0.16708    1.23802
      443  7479.621582  168.01483    0.16793    1.18427
      444  7480.260254  159.52109    0.16846    1.09377
      445  7483.130371   23.17591    0.19431    0.16289
      446  7483.481445  455.05414    0.17379    3.21743
      447  7484.365234   19.37128    0.18170    0.13758
      448  7486.343750   26.09466    0.15127    0.18384
      449  7488.240723   23.20915    0.26159    0.16254
      450  7493.667480  173.14923    0.17949    1.23072
      451  7499.703125   24.95736    0.20940    0.17700
      452  7502.263672   17.32629    0.18249    0.11105
      453  7517.223633   72.09890    0.18878    0.51530
      454  7517.545410   65.93672    0.18458    0.47150
      455  7520.418945   13.77599    0.17974    0.09304
      456  7522.666016   95.24879    0.30314    0.67842
      457  7524.006836 1219.89624    0.19136    8.70980
      458  7524.863281  101.73718    0.17382    0.72804
      459  7528.109375   28.32090    0.13732    0.20217
      460  7528.375488   29.19275    0.18108    0.20532
      461  7530.648926  211.57916    0.23649    1.51466
      462  7530.782715  208.95119    0.23865    1.49112
      463  7535.723145   13.89640    0.17252    0.09984
      464  7536.144531   11.92094    0.28363    0.08556
      465  7537.249023   16.29827    0.21080    0.11646
      466  7537.526367   16.01105    0.19651    0.11412
      467  7540.170898   70.11815    0.16862    0.50181
      468  7540.608887   64.14043    0.18025    0.44694
      469  7546.560059   16.50434    0.19875    0.11700
      470  7546.866211   15.38103    0.20024    0.10615
      471  7550.007812   12.79976    0.29947    0.08190
      472  7552.741211   24.99539    0.17143    0.17873
      473  7553.531250   23.56045    0.16633    0.16516
      474  7557.500000  282.47357    0.18987    2.03346
      475  7558.477539   18.63543    0.17575    0.13446
      476  7559.934082   17.11439    0.17725    0.12268
      477  7561.517090   20.64473    0.17364    0.14651
      478  7563.627930   17.05186    0.18749    0.12272
      479  7567.411621   56.79454    0.17085    0.40760
      480  7567.850586   50.41121    0.17298    0.36303
      481  7571.750977  875.61389    0.20120    6.09570
      482  7573.672852   73.98357    0.17539    0.54060
      483  7574.560059   66.14751    0.17386    0.48315
      484  7586.090820  343.61694    0.18003    2.54030
      485  7598.378418  344.55444    0.22033    2.37526
      486  7605.128906   13.57611    0.23983    0.10144
      487  7606.215820   13.82030    0.21219    0.10206
      488  7607.376465    9.74808    0.15395    0.07198
      489  7608.562012   17.98853    0.18065    0.13521
      490  7609.834473   13.29234    0.52208    0.09418
      491  7611.142578   15.50169    0.48216    0.11617
      492  7612.618164   13.40711    0.18039    0.09906
      493  7613.717773   14.77785    0.11267    0.10461
      494  7614.053223   17.10508    0.18458    0.12804
      495  7614.503906   10.22233    0.28521    0.07698
      496  7615.576660   13.38090    0.27839    0.09956
      497  7618.055664  271.53247    0.18090    2.03281
      498  7619.711426   17.54338    0.19638    0.12873
      499  7621.367188   15.11939    0.14427    0.11337
      500  7622.077148   42.82930    0.18952    0.31946
      501  7622.644531   35.04656    0.19340    0.26336
      502  7622.982910   12.73134    0.19726    0.09047
      503  7623.645508   11.72365    0.20147    0.08659
      504  7623.685547   11.72365    0.37849    0.07226
      505  7625.397461   18.41287    0.27832    0.13801
      506  7626.173828   13.47274    0.14613    0.10139
      507  7626.517578   17.65774    0.22836    0.13274
      508  7627.790039   32.70414    0.20078    0.24623
      509  7628.509277  111.12712    0.19553    0.83952
      510  7628.771973  258.99228    0.19098    1.95929
      511  7630.038086   11.98859    0.32879    0.08863
      512  7630.249512   17.79591    0.18433    0.13432
      513  7631.690918   12.06240    0.34349    0.09000
      514  7633.072266   22.86778    0.20282    0.16184
      515  7634.148926   21.20207    0.21562    0.15970
      516  7637.221191   20.03010    0.18597    0.15131
      517  7638.317871   19.41992    0.17311    0.14751
      518  7639.001465   14.50359    0.24081    0.10642
      519  7639.309082    8.08361    0.34649    0.05641
      520  7641.577148   17.34500    0.20697    0.13054
      521  7641.856934   18.42537    0.21098    0.13999
      522  7642.689941   18.35748    0.22059    0.13920
      523  7643.789551   14.75843    0.34751    0.10137
      524  7644.901855   12.19041    0.26639    0.09098
      525  7646.138184   16.69163    0.16838    0.12202
      526  7647.215820   16.41130    0.15398    0.12425
      527  7648.481445   14.75128    0.14612    0.10742
      528  7649.583496   13.18913    0.18336    0.09993
      529  7650.919922   13.95217    0.29094    0.10431
      530  7651.968750   15.28432    0.18601    0.11644
      531  7653.323730  134.20770    0.21974    1.02365
      532  7655.872559   12.79876    0.17350    0.09648
      533  7656.938965   13.41336    0.21899    0.09647
      534  7658.459473   12.67711    0.15203    0.09527
      535  7662.186035  175.28656    0.17182    1.34033
      536  7662.559570  167.29865    0.17863    1.28673
      537  7672.034180   15.74227    0.18442    0.11992
      538  7672.894043   20.13442    0.15373    0.14885
      539  7681.404297   38.04854    0.17751    0.29307
      540  7682.105957   32.08459    0.18360    0.24638
      541  7684.063965   17.01321    0.75025    0.13114
      542  7684.319824   17.39463    0.37066    0.13370
      543  7684.943848   15.97619    0.19883    0.11809
      544  7685.293457   18.96121    0.27204    0.14525
      545  7685.729004   19.59770    0.28284    0.13950
      546  7686.196289   17.54058    0.19721    0.13502
      547  7686.648438   49.28597    0.18238    0.36589
      548  7687.901367   42.61834    0.22004    0.32911
      549  7688.750000   12.17901    0.22810    0.09098
      550  7689.362305   18.33453    0.16415    0.14005
      551  7689.704590   19.29497    0.26070    0.14587
      552  7690.197754   13.67254    0.19745    0.10377
      553  7690.949219   19.21034    0.22205    0.14118
      554  7691.515137   20.86447    0.14932    0.15737
      555  7691.911621   42.66639    0.69045    0.32223
      556  7692.729004   21.52085    0.17713    0.16550
      557  7693.543945   23.36316    0.17999    0.17438
      558  7694.754883   22.97353    0.17137    0.16775
      559  7695.827637   27.41221    0.17405    0.21137
      560  7696.979980   22.20194    0.25340    0.16712
      561  7698.330078   21.55903    0.21438    0.16575
      562  7698.971680   52.14372    0.19223    0.39833
      563  7699.470703   81.11096    0.18414    0.60732
      564  7699.953125   70.58076    0.17979    0.54807
      565  7701.084473   20.09656    0.18272    0.15476
      566  7702.249512   17.24187    0.18751    0.13358
      567  7702.766113   14.06692    0.15689    0.10523
      568  7703.785156   14.92702    0.14908    0.11671
      569  7704.101074   15.58264    0.18154    0.11946
      570  7710.906738   13.90759    0.20055    0.10943
      571  7712.229004  719.93896    0.18398    5.66285
      572  7712.635742 1091.83057    0.18926    8.02304
      573  7713.672363   22.39425    0.19844    0.17537
      574  7713.954590   17.89700    0.24849    0.14074
      575  7715.062500  320.89273    0.19524    2.53447
      576  7715.864258  373.87201    0.18322    2.85891
      577  7716.270508   21.82500    0.16668    0.16729
      578  7716.922363 1313.37280    0.18272   10.06800
      579  7717.459961   27.12927    0.18888    0.21471
      580  7718.068359  458.74689    0.18751    3.65003
      581  7720.318848   23.59545    0.18186    0.18434
      582  7721.496094   27.59021    0.18098    0.20932
      583  7723.656738  209.38591    0.23880    1.66746
      584  7724.599609   25.92785    0.15439    0.20633
      585  7724.953125   19.61108    0.18949    0.15564
      586  7726.058105  425.90146    0.17284    3.41143
      587  7726.845703   14.78698    0.17591    0.11231
      588  7727.676270   18.40736    0.19324    0.14659
      589  7729.118164   23.07815    0.15513    0.17946
      590  7730.288574   33.60201    0.17598    0.26919
      591  7731.970703   16.71481    0.19453    0.13451
      592  7732.805664   12.61084    0.21839    0.10045
      593  7733.831055   33.09884    0.35876    0.25479
      594  7734.057129   23.50069    0.22146    0.18721
      595  7734.967285   64.55993    0.19282    0.52019
      596  7735.852539   59.93669    0.28216    0.48106
      597  7738.234863   12.41405    0.62429    0.09800
      598  7738.454590   13.27270    0.25748    0.10649
      599  7738.851562   18.66840    0.18442    0.15123
      600  7740.398926   32.67731    0.18422    0.26249
      601  7741.007324   31.41437    0.18210    0.24565
      602  7741.951172   13.39449    0.17663    0.10771
      603  7744.090820   18.87877    0.18297    0.15163
      604  7745.203125   19.30681    0.17999    0.15549
      605  7745.587891   33.20457    0.18163    0.27077
      606  7746.445801   28.21788    0.17702    0.22859
      607  7749.439453  246.14253    0.24045    2.00520
      608  7750.656250 2643.76270    0.17693   20.98672
      609  7751.876953   37.73852    0.16390    0.30889
      610  7752.355957   27.59568    0.25309    0.22393
      611  7752.590332   29.53685    0.19295    0.23418
      612  7755.283691   16.51900    0.18804    0.12892
      613  7756.361328   17.31061    0.16519    0.14131
      614  7756.824219   52.74927    0.51686    0.38524
      615  7756.968262   55.31435    0.18902    0.43938
      616  7760.010742  850.68115    0.24578    6.99246
      617  7761.228027   14.27558    0.18806    0.11743
      618  7762.334961   15.80989    0.22151    0.13002
      619  7764.401367   15.32210    0.16807    0.12668
      620  7767.440430   13.74337    0.21168    0.11218
      621  7768.514648   15.25411    0.18079    0.12142
      622  7769.067383   22.66105    0.34210    0.17727
      623  7769.263672   25.82817    0.19539    0.21179
      624  7771.960449  102.13063    0.18820    0.84951
      625  7773.229004  196.52533    0.18582    1.62356
      626  7773.533691  197.32166    0.17424    1.62932
      627  7773.865723   25.36190    0.11834    0.20797
      628  7774.180176   62.64703    0.20335    0.51573
      629  7774.987793   14.78941    0.18297    0.10588
      630  7775.402832   43.25864    0.19907    0.35622
      631  7779.219238   16.62079    0.17307    0.13666
      632  7779.601074   15.50913    0.29519    0.12733
      633  7780.433594  571.75226    0.20961    4.72480
      634  7781.126465   13.68018    0.26254    0.10960
      635  7781.595215   13.01588    0.60148    0.10568
      636  7782.347656   17.39671    0.21050    0.14334
      637  7783.697754   20.95840    0.28336    0.17272
      638  7785.019531   28.38567    0.19443    0.21678
      639  7785.508789   20.13054    0.45733    0.16083
      640  7785.750488   19.19608    0.21446    0.15901
      641  7786.285156   16.00185    0.06501    0.13244
      642  7786.742676   20.36076    0.21278    0.16720
      643  7787.472656   25.64637    0.20225    0.20976
      644  7788.682617   23.66996    0.20045    0.18787
      645  7789.695312   27.91995    0.16966    0.22874
      646  7790.671387   67.72454    0.17205    0.52033
      647  7791.227539   64.91498    0.18440    0.54084
      648  7792.179199   26.14264    0.18718    0.20879
      649  7793.402832   24.27100    0.20493    0.20098
      650  7794.120605 1905.77039    0.20556   15.82244
      651  7794.912598   25.05579    0.21842    0.20226
      652  7796.115234   19.19465    0.17553    0.14879
      653  7797.955078   17.36186    0.19455    0.14450
      654  7799.122559   12.65290    0.12279    0.10328
      655  7799.347656   13.21762    0.33170    0.10776
      656  7799.863770   11.86947    0.51485    0.09838
      657  7802.238281   11.41093    0.23850    0.08813
      658  7803.543457   13.15913    0.49153    0.10750
      659  7804.060059   17.51740    0.21973    0.14415
      660  7806.404785   19.88759    0.17399    0.16594
      661  7807.699219   26.83345    0.21085    0.22104
      662  7808.479980  843.75476    0.19641    6.69126
      663  7810.312988   23.48533    0.18031    0.19716
      664  7811.539551   30.12261    0.17719    0.25120
      665  7812.410645   26.11886    0.17595    0.21751
      666  7813.316406   23.31221    0.18090    0.18460
      667  7814.459473   28.80204    0.15897    0.24078
      668  7814.828613   28.84735    0.17590    0.24259
      669  7815.734863   32.94700    0.31796    0.26679
      670  7816.690918   14.27289    0.21113    0.11024
      671  7818.848633   29.97621    0.18117    0.24160
      672  7819.305176   40.46368    0.19435    0.33982
      673  7820.049805   30.00494    0.18844    0.24227
      674  7820.992676   33.21066    0.18295    0.27183
      675  7821.519043 1743.04419    0.28691   14.36363
      676  7822.172363   14.93643    0.28253    0.12170
      677  7823.499512   23.89030    0.17323    0.20225
      678  7824.684570   25.66779    0.18391    0.21766
      679  7825.721680   18.13507    0.19578    0.15225
      680  7828.374023   25.35324    0.22441    0.21452
      681  7828.770508   42.23964    0.19286    0.35691
      682  7829.569336   22.64888    0.19908    0.19178
      683  7833.539062   32.33707    0.23258    0.26929
      684  7834.269043   16.42344    0.16806    0.13494
      685  7834.752441   17.90151    0.14579    0.15177
      686  7838.604004   14.28088    0.14105    0.12104
      687  7838.992676   14.76497    0.20259    0.11854
      688  7840.111328   15.28510    0.26610    0.12908
      689  7841.284668  794.86212    0.17837    6.79512
      690  7844.652832   13.65916    0.16873    0.11632
      691  7845.813965   13.43512    0.17812    0.10558
      692  7849.159668   77.32323    0.18528    0.66277
      693  7849.735840  196.16916    0.19600    1.68024
      694  7850.540039   50.85041    0.21693    0.43668
      695  7851.991211   46.45468    0.15085    0.39387
      696  7852.325195  101.97014    0.20438    0.85665
      697  7853.258789 1026.26770    0.20459    8.52569
      698  7853.523926 1256.79395    0.21972   10.79900
      699  7854.385254   14.23489    0.31248    0.12154
      700  7855.710938   11.92400    0.24327    0.09501
      701  7858.003418  218.40724    0.18770    1.87510
      702  7858.282715   44.00738    0.20588    0.37781
      703  7860.661621  852.17700    0.19372    7.27865
      704  7867.739746  377.89099    0.17737    3.25646
      705  7868.099609   31.56329    0.20642    0.27124
      706  7870.738281 1068.61560    0.18193    9.07000
      707  7873.416504   15.28764    0.33242    0.13138
      708  7878.252930   29.63380    0.38235    0.25530
      709  7878.789551  551.74609    0.18821    4.76007
      710  7880.999023   27.02787    0.18062    0.22786
      711  7881.678223  417.05734    0.19309    3.55160
      712  7883.088867   28.42110    0.20864    0.24437
      713  7884.414062   22.47317    0.15417    0.19207
      714  7884.727539   30.62636    0.18712    0.25241
      715  7885.603516   16.66202    0.20245    0.13677
      716  7886.009277   29.02942    0.19757    0.25035
      717  7886.634766   42.45592    0.18423    0.35955
      718  7887.923828   33.09906    0.19512    0.27299
      719  7888.824219   40.97501    0.18787    0.35343
      720  7889.680176  639.83752    0.17470    5.24829
      721  7890.552734   19.18282    0.19562    0.16224
      722  7891.290039   43.03956    0.18558    0.35129
      723  7892.535156   34.17553    0.18759    0.29453
      724  7893.035156   12.54337    0.24184    0.10415
      725  7893.543945   26.78596    0.18214    0.22978
      726  7894.033203   34.63017    0.20093    0.29803
      727  7895.318848   29.64860    0.34587    0.25204
      728  7897.065918   24.80260    0.19548    0.21107
      729  7897.927246   20.80893    0.18073    0.18124
      730  7898.263184   16.92395    0.18847    0.14480
      731  7898.617188   18.28439    0.58419    0.13728
      732  7902.699707   22.29123    0.47012    0.17153
      733  7903.264648   25.80476    0.18166    0.22305
      734  7905.632812   27.91817    0.18077    0.24282
      735  7906.945801   41.33415    0.18655    0.35929
      736  7909.635742   41.54452    0.18490    0.36243
      737  7910.905762   49.18951    0.17702    0.41793
      738  7912.264160  202.70377    0.31679    1.69227
      739  7913.717773 2789.34399    0.19470   24.47864
      740  7915.126953   52.77810    0.18438    0.46473
      741  7918.467773   79.59012    0.25756    0.70201
      742  7919.641113   55.93592    0.18854    0.46438
      743  7921.106445  767.60651    0.33779    6.28012
      744  7923.200195   38.98182    0.17287    0.33530
      745  7924.416992   40.02193    0.18094    0.35519
      746  7928.258301   46.77585    0.19112    0.41664
      747  7928.521973   24.92825    0.21591    0.21062
      748  7929.478027   32.48813    0.17713    0.29212
      749  7930.890137  342.52710    0.17900    3.04934
      750  7931.439941  372.23880    0.24825    3.12436
      751  7932.009277  150.57927    0.17890    1.34132
      752  7933.257324   13.71524   -0.31518    0.12000
      753  7933.582520   27.54918    0.25191    0.24727
      754  7934.815430   23.53533    0.17738    0.20421
      755  7935.227539   13.62904    0.18961    0.12162
      756  7937.645020   15.29774    0.15731    0.13747
      757  7938.363770   13.25871    0.20319    0.11556
      758  7938.686523   10.02974    0.15190    0.08933
      759  7939.252930   18.32010    0.16982    0.16363
      760  7940.432129   18.67423    0.19044    0.15182
      761  7941.714355   17.99914    0.19111    0.15582
      762  7942.072754   12.16789    0.42555    0.10984
      763  7942.274414   13.59950    0.19233    0.12012
      764  7942.874023   15.79255    0.14830    0.13715
      765  7943.259766   16.85285    0.28772    0.14134
      766  7944.011230   15.72105    0.20495    0.14032
      767  7944.453613   14.74119    0.18009    0.13200
      768  7945.394531   46.52361    0.17709    0.41270
      769  7946.222168   46.95804    0.19650    0.40190
      770  7949.211914  638.57288    0.19943    5.78470
      771  7952.432129   33.06489    0.20283    0.29999
      772  7962.654785   18.61591    0.16681    0.16884
      773  7963.942383   18.26974    0.18536    0.16461
      774  7964.654297 2021.87903    0.21010   18.54790
      775  7968.061035   95.10222    0.24047    0.84567
      776  7968.246094   94.05021    0.20720    0.85782
      777  7969.470215   14.34997    0.18139    0.12932
      778  7970.874023   12.71532    0.16750    0.11126
      779  7972.538086   12.53189    0.14548    0.11081
      780  7973.062988   12.90027    0.21150    0.10135
      781  7973.373047   17.00343    0.20598    0.15067
      782  7975.571777   14.63703    0.18898    0.13044
      783  7977.003906  169.14745    0.18142    1.50567
      784  7977.665527  160.83980    0.18033    1.45803
      785  7979.772949  790.93616    0.19155    7.06537
      786  7986.085449   14.54328    0.22342    0.13035
      787  7986.986328   14.01613    0.35475    0.12214
      788  7987.493164   29.19210    0.21501    0.25883
      789  7988.283203   18.16263    0.24422    0.16316
      790  7989.701660   20.60559    0.36035    0.16589
      791  7991.119141   18.10737    0.19993    0.15692
      792  7991.611328   23.84762    0.20802    0.21372
      793  7993.333984 1374.03491    0.32934   12.41834
      794  7994.033203   45.54569    0.22598    0.41282
      795  7995.043457   22.73092    0.23522    0.20153
      796  7996.166016   27.28401    0.18517    0.24853
      797  7997.452637   24.66038    0.16876    0.21609
      798  7998.106445   30.97820    0.21981    0.28101
      799  7998.918945   24.07663    0.23104    0.21636
      800  8000.160645   21.19124    0.18118    0.19095
      801  8001.886230   23.06119    0.22578    0.20236
      802  8002.347168   11.89253    0.21050    0.10920
      803  8003.175293   17.76718    0.18777    0.16116
      804  8004.206543   14.16830    0.13507    0.12939
      805  8005.071289   12.41770    0.18148    0.11150
      806  8005.699707   12.27599    0.22573    0.11084
      807  8008.244629   17.66208    0.18100    0.16085
      808  8010.647461   20.10914    0.17589    0.18309
      809  8012.002930   25.61619    0.16593    0.23290
      810  8014.071777  654.76257    0.18918    5.64706
      811  8014.749512   30.52637    0.22612    0.27935
      812  8016.051758   29.79168    0.20508    0.27262
      813  8019.106934   29.91792    0.18656    0.27608
      814  8020.039551   55.59601    0.19794    0.48894
      815  8020.386719   81.13934    0.18863    0.72972
      816  8023.771484   29.36868    0.19073    0.26589
      817  8025.050781   32.51316    0.21038    0.29625
      818  8025.683594  848.92944    0.20265    7.87497
      819  8025.963867  821.63086    0.20225    7.59546
      820  8028.197754   87.62459    0.18384    0.81274
      821  8029.025391   92.34045    0.19346    0.80833
      822  8029.972656   24.34876    0.16774    0.22475
      823  8031.771973   37.22161    0.31783    0.34639
      824  8033.978027   20.36790    0.18283    0.18899
      825  8034.888672   11.77607    0.19542    0.10927
      826  8035.226562   19.91562    0.19746    0.18500
      827  8036.133301   10.38710    0.28133    0.09279
      828  8039.539062   16.41751    0.19549    0.15207
      829  8040.766602   20.19486    0.18032    0.18590
      830  8041.197754   12.10001    0.24676    0.10490
      831  8041.647949   12.11371    0.15231    0.11334
      832  8042.477051   13.09374    0.19871    0.12254
      833  8045.369141   12.31470    0.22781    0.11122
      834  8046.587891   12.54003    0.20335    0.10811
      835  8049.898926   28.01652    0.24850    0.26361
      836  8050.114746   34.22688    0.20129    0.31036
      837  8052.031250  334.84723    0.23137    3.03723
      838  8055.422852   11.74618    0.22331    0.10506
      839  8056.608887   10.26252    0.07805    0.09477
      840  8057.099121   10.33312    0.19933    0.09194
      841  8059.174316   12.63269    0.25179    0.11791
      842  8061.991211  431.61420    0.17820    4.06837
      843  8062.389160  418.75244    0.17773    3.91851
      844  8063.751465   13.29805    0.19785    0.11988
      845  8066.083984   19.41021    0.18527    0.18096
      846  8067.605469   13.78757    0.20838    0.12530
      847  8074.407715   18.46959    0.21839    0.16322
      848  8074.699707   21.38589    0.19277    0.18489
      849  8077.152344   32.30953    0.18642    0.30319
      850  8077.618164   32.62799    0.17324    0.30206
      851  8084.596680   48.18316    0.18171    0.45327
      852  8085.615234   47.62154    0.18531    0.44742
      853  8093.676758  100.05096    0.36628    0.88470
      854  8094.958984   19.78468    0.29798    0.17698
      855  8098.639160    9.92131    0.12532    0.09028
      856  8099.750488   11.97206    0.16431    0.10383
      857  8101.151367   15.81207    0.18282    0.14848
      858  8102.246094  180.64069    0.19862    1.70723
      859  8102.773438  168.96500    0.19930    1.59295
      860  8104.293945   13.21506    0.21239    0.12340
      861  8104.674805   11.52641    0.15189    0.10673
      862  8105.013184   20.90339    0.20577    0.19329
      863  8106.337402   14.39182    0.21901    0.13321
      864  8107.390137   16.39814    0.16956    0.14810
      865  8108.716797   14.08621    0.13772    0.13291
      866  8110.099609   15.19993    0.18141    0.14213
      867  8111.413574   12.80559    0.21554    0.12002
      868  8113.170410   11.01727    0.18588    0.10330
      869  8119.589355   11.28055    0.21640    0.10728
      870  8122.023926   12.50728    0.19572    0.11676
      871  8123.414551   16.39685    0.20096    0.15350
      872  8126.229492   15.39466    0.19098    0.14669
      873  8127.565430   19.08099    0.23908    0.18145
      874  8130.709473   15.24684    0.20641    0.14219
      875  8131.532715   14.91193    0.17892    0.13661
      876  8132.027344   18.99221    0.16920    0.17811
      877  8132.710938   12.43090    0.18076    0.11732
      878  8134.593262   17.59005    0.17371    0.16039
      879  8135.518555   15.72226    0.16602    0.14495
      880  8136.315918   13.73498    0.17164    0.12916
      881  8136.823730   16.56866    0.20840    0.15666
      882  8138.364258   23.86942    0.18365    0.22912
      883  8138.978027   48.68867    0.13547    0.46490
      884  8139.278809   44.12312    0.17574    0.41829
      885  8139.598145   20.77305    0.18943    0.19502
      886  8140.213867   22.47424    0.18476    0.20664
      887  8140.659668   14.50239    0.19850    0.13675
      888  8141.942871   13.17922    0.19220    0.12614
      889  8146.117188   13.61947    0.11472    0.13064
      890  8146.500977   93.91074    0.20862    0.89979
      891  8147.181641   62.66744    0.17831    0.59016
      892  8147.647949   29.85553    0.19250    0.28563
      893  8151.128906    9.57402    0.16085    0.09264
      894  8151.902832   11.59229    0.19365    0.11081
      895  8153.152832   11.29497    0.21330    0.10696
      896  8188.209473   37.11744    0.20176    0.35687
      897  8188.634277   28.20897    0.19454    0.27067
      898  8194.855469   42.64761    0.19493    0.41237
      899  8195.645508   38.61666    0.19365    0.34271
      900  8204.646484   12.05954    0.26630    0.11329
      901  8205.980469   12.74656    0.14363    0.12311
      902  8207.511719   18.71355    0.23437    0.17899
      903  8208.358398   12.52884    0.22795    0.11753
      904  8209.412109   12.88553    0.18796    0.12393
      905  8213.895508   16.39464    0.19899    0.15252
      906  8215.325195   16.28658    0.20050    0.15834
      907  8241.468750   26.19937    0.19063    0.25939
      908  8241.999023   23.25815    0.19455    0.24153
      909  8247.356445   34.41881    0.19127    0.34352
      910  8248.301758   28.59227    0.19037    0.27933
      911  8255.186523   30.00639    0.17772    0.30123
      912  8268.614258   11.87048    0.17792    0.11550
      913  8272.080078    9.99249    0.22943    0.09317
      914  8276.532227   22.43105    0.19672    0.22437
      915  8278.312500  332.12259    0.21330    3.33342
      916  8278.593750  155.30685    0.21020    1.55633
      917  8281.039062  170.57367    0.21928    1.72343
      918  8281.693359  830.59717    0.20085    8.33780
      919  8282.323242   16.39005    0.21813    0.16591
      920  8282.677734   75.00034    0.19551    0.75634
      921  8283.177734   47.77252    0.21654    0.48118
      922  8283.817383   11.61085    0.20670    0.11555
      923  8284.938477   15.74270    0.19482    0.15813
      924  8286.405273  359.56903    0.19664    3.62526
      925  8288.608398 1364.24524    0.20135   13.72309
      926  8290.588867   78.46404    0.22997    0.78805
      927  8296.251953  588.69183    0.18549    5.90211
      928  8298.906250 1678.25769    0.19419   16.81475
      929  8299.480469   23.55964    0.19046    0.23434
      930  8302.021484   42.86035    0.17902    0.43124
      931  8302.534180   44.49509    0.24907    0.44751
      932  8304.082031   32.25485    0.18255    0.30781
      933  8305.195312   23.91199    0.16078    0.23972
      934  8308.366211   15.76504    0.16236    0.15501
      935  8310.724609  601.70996    0.20004    5.98643
      936  8317.685547   35.70937    0.21045    0.34555
      937  8318.479492   28.28214    0.35043    0.28155
      938  8319.686523   11.45900    0.41696    0.10860
      939  8337.557617   33.49303    0.21825    0.32830
      940  8338.417969   26.04922    0.21254    0.24668
      941  8338.704102   23.55812    0.20657    0.22437
      942  8343.036133  301.73505    0.31717    3.11409
      943  8344.613281 4015.41895    0.20447   41.34995
      944  8349.643555   67.54929    0.21061    0.69609
      945  8349.933594   70.05219    0.19279    0.72510
      946  8352.876953  800.86523    0.35787    8.09036
      947  8356.274414   14.16725    0.19753    0.14509
      948  8360.432617   27.67237    0.23217    0.27601
      949  8360.705078   30.09097    0.15011    0.30288
      950  8361.099609   31.96211    0.38428    0.32953
      951  8361.696289   28.82383    0.23884    0.30016
      952  8362.637695   23.47292    0.20120    0.24407
      953  8363.044922   23.50573    0.20269    0.23240
      954  8364.508789  260.17957    0.19178    2.55281
      955  8364.969727  228.09714    0.20642    2.37239
      956  8365.487305   15.03514    0.24170    0.15442
      957  8366.438477   30.66665    0.20108    0.31771
      958  8367.083984   14.62248    0.19911    0.13781
      959  8369.456055   11.23096    0.21411    0.11593
      960  8372.813477   10.33337    0.21201    0.10674
      961  8376.123047   14.39261    0.39372    0.14049
      962  8379.917969   76.54977    0.18765    0.77814
      963  8380.748047   73.94101    0.19445    0.76632
      964  8382.402344  897.24506    0.21687    9.30448
      965  8387.289062   12.78106    0.28646    0.13206
      966  8390.179688   18.87438    0.35463    0.19479
      967  8391.168945   21.62146    0.19646    0.22372
      968  8391.689453   20.42491    0.18198    0.20507
      969  8395.609375   11.18940    0.23437    0.11375
      970  8399.175781 3010.41284    0.22163   31.64440
      971  8399.175781 3010.77075    0.22203   31.32245
      972  8400.458008   21.75112    0.19096    0.22518
      973  8415.242188 1251.72266    0.19310   13.18183
      974  8423.017578   13.57127    0.29418    0.14305
      975  8423.303711   14.67630    0.19659    0.15012
      976  8424.121094   21.16083    0.21331    0.22308
      977  8424.754883   13.70254    0.17652    0.14447
      978  8426.385742   26.25212    0.23098    0.26783
      979  8427.429688   35.20927    0.31526    0.37134
      980  8430.117188 2101.93335    0.24475   22.17560
      981  8430.176758 2111.74146    0.36036   22.27931
      982  8432.170898   27.78880    0.21797    0.29247
      983  8434.385742   56.80745    0.22341    0.59965
      984  8435.977539    9.15354    0.23484    0.09664
      985  8446.370117   39.71875    0.24060    0.41993
      986  8446.779297   26.39732    0.16625    0.27910
      987  8448.599609    6.97695    0.26012    0.07270
      988  8449.344727    7.77911    0.23329    0.08228
      989  8450.973633   10.89119    0.45500    0.11522
      990  8452.265625 1057.90283    0.20388   10.93855
      991  8453.794922    9.86671    0.19346    0.10133
      992  8454.151367   14.20775    0.22571    0.14465
      993  8456.785156    9.76616    0.19330    0.10093
      994  8460.456055   13.02278    0.21815    0.13412
      995  8460.885742   12.66902    0.16391    0.13251
      996  8461.568359   13.69201    0.24669    0.13417
      997  8462.409180   13.35343    0.18840    0.13975
      998  8465.233398 1333.72351    0.21898   13.48717
      999  8465.514648 1255.91541    0.21111   13.31930
     1000  8474.619141   43.69611    0.35522    0.46418
     1001  8493.396484  628.97192    0.22283    6.69988
     1002  8494.040039   36.58877    0.19910    0.38977
     1003  8494.279297   38.59182    0.26607    0.41112
     1004  8496.913086   29.79821    0.18976    0.30029
     1005  8498.029297   21.09781    0.19209    0.22482
     1006  8500.866211   36.00196    0.17195    0.37812
     1007  8502.548828   31.98359    0.21870    0.34088
     1008  8503.124023   11.33392    0.15538    0.12080
     1009  8503.741211   16.49183    0.16636    0.17577
     1010  8504.641602  737.60931    0.18320    7.86156
     1011  8505.068359  720.39764    0.18931    7.57025
     1012  8520.430664   22.54136    0.20360    0.24008
     1013  8520.754883   27.78673    0.18557    0.28926
     1014  8538.690430  567.76068    0.40835    5.95272
 -------- ------------ ---------- ---------- ----------
